Longitude Latitude Speed
14.800000 32.507670 6.273810
14.833333 32.507670 6.352149
14.866667 32.507670 6.432898
14.900000 32.507670 6.515969
14.933333 32.507670 6.601274
14.966667 32.507670 6.688728
15.000000 32.507670 6.778247
15.033333 32.507670 6.754834
15.066667 32.507670 6.692692
15.100000 32.507670 6.636348
15.133333 32.507670 6.585951
15.166667 32.507670 6.541637
15.200000 32.507670 6.503533
15.233333 32.507670 6.471745
15.266667 32.507670 6.432293
15.300000 32.507670 6.376593
15.333333 32.507670 6.319064
15.366667 32.507670 6.269775
15.400000 32.507670 6.228919
15.433333 32.507670 6.196666
15.466667 32.507670 6.173147
15.500000 32.507670 6.158464
15.533333 32.507670 6.139878
15.566667 32.507670 6.119202
15.600000 32.507670 6.110168
15.633333 32.507670 6.112825
15.666667 32.507670 6.127161
15.700000 32.507670 6.153091
15.733333 32.507670 6.190473
15.766667 32.507670 6.227448
15.800000 32.507670 6.258092
15.833333 32.507670 6.293111
15.866667 32.507670 6.335348
15.900000 32.507670 6.384659
15.933333 32.507670 6.440883
15.966667 32.507670 6.503840
16.000000 32.507670 6.573338
16.033333 32.507670 6.612166
16.066667 32.507670 6.648717
16.100000 32.507670 6.689273
16.133333 32.507670 6.733762
16.166667 32.507670 6.782107
16.200000 32.507670 6.834226
16.233333 32.507670 6.890032
16.266667 32.507670 6.932239
16.300000 32.507670 6.958309
16.333333 32.507670 6.985176
16.366667 32.507670 7.014363
16.400000 32.507670 7.045844
16.433333 32.507670 7.079585
16.466667 32.507670 7.115556
16.500000 32.507670 7.153722
16.533333 32.507670 7.143676
16.566667 32.507670 7.120900
16.600000 32.507670 7.100564
16.633333 32.507670 7.082686
16.666667 32.507670 7.067288
16.700000 32.507670 7.054385
16.733333 32.507670 7.043990
16.766667 32.507670 7.021418
16.800000 32.507670 6.984568
14.800000 32.535781 6.227134
14.833333 32.535781 6.285522
14.866667 32.535781 6.346318
14.900000 32.535781 6.409456
14.933333 32.535781 6.474866
14.966667 32.535781 6.542481
15.000000 32.535781 6.612232
15.033333 32.535781 6.569335
15.066667 32.535781 6.492982
15.100000 32.535781 6.422723
15.133333 32.535781 6.358756
15.166667 32.535781 6.301276
15.200000 32.535781 6.250460
15.233333 32.535781 6.206472
15.266667 32.535781 6.156621
15.300000 32.535781 6.093667
15.333333 32.535781 6.030840
15.366667 32.535781 5.976953
15.400000 32.535781 5.932250
15.433333 32.535781 5.896942
15.466667 32.535781 5.871194
15.500000 32.535781 5.855135
15.533333 32.535781 5.837390
15.566667 32.535781 5.819988
15.600000 32.535781 5.815202
15.633333 32.535781 5.823065
15.666667 32.535781 5.843524
15.700000 32.535781 5.876449
15.733333 32.535781 5.921630
15.766667 32.535781 5.967110
15.800000 32.535781 6.007219
15.833333 32.535781 6.052576
15.866667 32.535781 6.105446
15.900000 32.535781 6.165638
15.933333 32.535781 6.232937
15.966667 32.535781 6.307118
16.000000 32.535781 6.387940
16.033333 32.535781 6.436032
16.066667 32.535781 6.481617
16.100000 32.535781 6.531206
16.133333 32.535781 6.584706
16.166667 32.535781 6.642023
16.200000 32.535781 6.703060
16.233333 32.535781 6.767716
16.266667 32.535781 6.818018
16.300000 32.535781 6.851251
16.333333 32.535781 6.885042
16.366667 32.535781 6.921122
16.400000 32.535781 6.959453
16.433333 32.535781 7.000000
16.466667 32.535781 7.042724
16.500000 32.535781 7.087586
16.533333 32.535781 7.084682
16.566667 32.535781 7.070035
16.600000 32.535781 7.057754
16.633333 32.535781 7.047850
16.666667 32.535781 7.040333
16.700000 32.535781 7.035212
16.733333 32.535781 7.032492
16.766667 32.535781 7.017111
16.800000 32.535781 6.986795
14.800000 32.563883 6.227950
14.833333 32.563883 6.259785
14.866667 32.563883 6.294250
14.900000 32.563883 6.331306
14.933333 32.563883 6.370904
14.966667 32.563883 6.413000
15.000000 32.563883 6.457543
15.033333 32.563883 6.394584
15.066667 32.563883 6.303309
15.100000 32.563883 6.218369
15.133333 32.563883 6.140032
15.166667 32.563883 6.068549
15.200000 32.563883 6.004169
15.233333 32.563883 5.947117
15.266667 32.563883 5.885771
15.300000 32.563883 5.814325
15.333333 32.563883 5.745113
15.366667 32.563883 5.685723
15.400000 32.563883 5.636466
15.433333 32.563883 5.597609
15.466667 32.563883 5.569369
15.500000 32.563883 5.551908
15.533333 32.563883 5.535177
15.566667 32.563883 5.521132
15.600000 32.563883 5.520585
15.633333 32.563883 5.533538
15.666667 32.563883 5.559896
15.700000 32.563883 5.599473
15.733333 32.563883 5.651989
15.766667 32.563883 5.705811
15.800000 32.563883 5.755665
15.833333 32.563883 5.811676
15.866667 32.563883 5.875527
15.900000 32.563883 5.946968
15.933333 32.563883 6.025727
15.966667 32.563883 6.111523
16.000000 32.563883 6.204063
16.033333 32.563883 6.260892
16.066667 32.563883 6.314948
16.100000 32.563883 6.372947
16.133333 32.563883 6.434783
16.166667 32.563883 6.500347
16.200000 32.563883 6.569526
16.233333 32.563883 6.642209
16.266667 32.563883 6.699862
16.300000 32.563883 6.739619
16.333333 32.563883 6.779684
16.366667 32.563883 6.821979
16.400000 32.563883 6.866464
16.433333 32.563883 6.913096
16.466667 32.563883 6.961833
16.500000 32.563883 7.012630
16.533333 32.563883 7.017484
16.566667 32.563883 7.011550
16.600000 32.563883 7.007922
16.633333 32.563883 7.006602
16.666667 32.563883 7.007591
16.700000 32.563883 7.010889
16.733333 32.563883 7.016492
16.766667 32.563883 7.008791
16.800000 32.563883 6.985348
14.800000 32.591976 6.241469
14.833333 32.591976 6.246455
14.866667 32.591976 6.254210
14.900000 32.591976 6.264725
14.933333 32.591976 6.277987
14.966667 32.591976 6.293976
15.000000 32.591976 6.312673
15.033333 32.591976 6.229275
15.066667 32.591976 6.122515
15.100000 32.591976 6.022276
15.133333 32.591976 5.928888
15.166667 32.591976 5.842680
15.200000 32.591976 5.763972
15.233333 32.591976 5.693078
15.266667 32.591976 5.619416
15.300000 32.591976 5.538635
15.333333 32.591976 5.462234
15.366667 32.591976 5.396608
15.400000 32.591976 5.342151
15.433333 32.591976 5.299208
15.466667 32.591976 5.268063
15.500000 32.591976 5.248923
15.533333 32.591976 5.233083
15.566667 32.591976 5.222376
15.600000 32.591976 5.226148
15.633333 32.591976 5.244366
15.666667 32.591976 5.276881
15.700000 32.591976 5.323431
15.733333 32.591976 5.383654
15.766667 32.591976 5.446206
15.800000 32.591976 5.506191
15.833333 32.591976 5.573235
15.866667 32.591976 5.648439
15.900000 32.591976 5.731481
15.933333 32.591976 5.822024
15.966667 32.591976 5.919726
16.000000 32.591976 6.024238
16.033333 32.591976 6.089883
16.066667 32.591976 6.152488
16.100000 32.591976 6.218954
16.133333 32.591976 6.289161
16.166667 32.591976 6.362983
16.200000 32.591976 6.440298
16.233333 32.591976 6.520979
16.266667 32.591976 6.585951
16.300000 32.591976 6.632218
16.333333 32.591976 6.678545
16.366667 32.591976 6.727036
16.400000 32.591976 6.777643
16.433333 32.591976 6.830320
16.466667 32.591976 6.885019
16.500000 32.591976 6.941692
16.533333 32.591976 6.954276
16.566667 32.591976 6.956994
16.600000 32.591976 6.961944
16.633333 32.591976 6.969120
16.666667 32.591976 6.978514
16.700000 32.591976 6.990120
16.733333 32.591976 7.003926
16.766667 32.591976 7.003800
16.800000 32.591976 6.987167
14.800000 32.620060 6.267597
14.833333 32.620060 6.245599
14.866667 32.620060 6.226417
14.900000 32.620060 6.210074
14.933333 32.620060 6.196596
14.966667 32.620060 6.185998
15.000000 32.620060 6.178298
15.033333 32.620060 6.074164
15.066667 32.620060 5.951399
15.100000 32.620060 5.835260
15.133333 32.620060 5.726149
15.166667 32.620060 5.624476
15.200000 32.620060 5.530651
15.233333 32.620060 5.445079
15.266667 32.620060 5.358209
15.300000 32.620060 5.267153
15.333333 32.620060 5.182652
15.366667 32.620060 5.109946
15.400000 32.620060 5.049543
15.433333 32.620060 5.001889
15.466667 32.620060 4.967352
15.500000 32.620060 4.946206
15.533333 32.620060 4.931111
15.566667 32.620060 4.923720
15.600000 32.620060 4.931908
15.633333 32.620060 4.955596
15.666667 32.620060 4.994565
15.700000 32.620060 5.048462
15.733333 32.620060 5.116813
15.766667 32.620060 5.188536
15.800000 32.620060 5.259079
15.833333 32.620060 5.337575
15.866667 32.620060 5.424528
15.900000 32.620060 5.519539
15.933333 32.620060 5.622200
15.966667 32.620060 5.732100
16.000000 32.620060 5.848830
16.033333 32.620060 5.923355
16.066667 32.620060 5.994573
16.100000 32.620060 6.069546
16.133333 32.620060 6.148138
16.166667 32.620060 6.230211
16.200000 32.620060 6.315631
16.233333 32.620060 6.404262
16.266667 32.620060 6.476503
16.300000 32.620060 6.529251
16.333333 32.620060 6.581818
16.366667 32.620060 6.636469
16.400000 32.620060 6.693152
16.433333 32.620060 6.751818
16.466667 32.620060 6.812416
16.500000 32.620060 6.874892
16.533333 32.620060 6.895164
16.566667 32.620060 6.906455
16.600000 32.620060 6.919891
16.633333 32.620060 6.935460
16.666667 32.620060 6.953146
16.700000 32.620060 6.972935
16.733333 32.620060 6.994808
16.766667 32.620060 7.002142
16.800000 32.620060 6.992245
14.800000 32.648136 6.306166
14.833333 32.648136 6.257213
14.866667 32.648136 6.211023
14.900000 32.648136 6.167659
14.933333 32.648136 6.127180
14.966667 32.648136 6.089643
15.000000 32.648136 6.055105
15.033333 32.648136 5.930037
15.066667 32.648136 5.790802
15.100000 32.648136 5.658206
15.133333 32.648136 5.532723
15.166667 32.648136 5.414851
15.200000 32.648136 5.305095
15.233333 32.648136 5.203969
15.266667 32.648136 5.102923
15.300000 32.648136 5.000547
15.333333 32.648136 4.906913
15.366667 32.648136 4.826159
15.400000 32.648136 4.758940
15.433333 32.648136 4.705838
15.466667 32.648136 4.667334
15.500000 32.648136 4.643791
15.533333 32.648136 4.629267
15.566667 32.648136 4.625166
15.600000 32.648136 4.637885
15.633333 32.648136 4.667287
15.666667 32.648136 4.713060
15.700000 32.648136 4.774733
15.733333 32.648136 4.851700
15.766667 32.648136 4.933089
15.800000 32.648136 5.014666
15.833333 32.648136 5.105064
15.866667 32.648136 5.204191
15.900000 32.648136 5.311557
15.933333 32.648136 5.426673
15.966667 32.648136 5.549057
16.000000 32.648136 5.678239
16.033333 32.648136 5.761685
16.066667 32.648136 5.841561
16.100000 32.648136 5.925059
16.133333 32.648136 6.012029
16.166667 32.648136 6.102324
16.200000 32.648136 6.195795
16.233333 32.648136 6.292304
16.266667 32.648136 6.371744
16.300000 32.648136 6.430925
16.333333 32.648136 6.489691
16.366667 32.648136 6.550452
16.400000 32.648136 6.613152
16.433333 32.648136 6.677737
16.466667 32.648136 6.744153
16.500000 32.648136 6.812346
16.533333 32.648136 6.840249
16.566667 32.648136 6.860016
16.600000 32.648136 6.881832
16.633333 32.648136 6.905674
16.666667 32.648136 6.931523
16.700000 32.648136 6.959357
16.733333 32.648136 6.989150
16.766667 32.648136 7.003816
16.800000 32.648136 7.000571
14.800000 32.676202 6.356936
14.833333 32.676202 6.281214
14.866667 32.676202 6.208110
14.900000 32.676202 6.137720
14.933333 32.676202 6.070138
14.966667 32.676202 6.005457
15.000000 32.676202 5.943775
15.033333 32.676202 5.797701
15.066667 32.676202 5.641610
15.100000 32.676202 5.492061
15.133333 32.676202 5.349604
15.166667 32.676202 5.214820
15.200000 32.676202 5.088319
15.233333 32.676202 4.970732
15.266667 32.676202 4.854474
15.300000 32.676202 4.739621
15.333333 32.676202 4.635681
15.366667 32.676202 4.545763
15.400000 32.676202 4.470713
15.433333 32.676202 4.411289
15.466667 32.676202 4.368131
15.500000 32.676202 4.341722
15.533333 32.676202 4.327559
15.566667 32.676202 4.326715
15.600000 32.676202 4.344104
15.633333 32.676202 4.379510
15.666667 32.676202 4.432500
15.700000 32.676202 4.502455
15.733333 32.676202 4.588598
15.766667 32.676202 4.680214
15.800000 32.676202 4.773350
15.833333 32.676202 4.876141
15.866667 32.676202 4.987888
15.900000 32.676202 5.108004
15.933333 32.676202 5.235911
15.966667 32.676202 5.371056
16.000000 32.676202 5.512902
16.033333 32.676202 5.605288
16.066667 32.676202 5.693841
16.100000 32.676202 5.785855
16.133333 32.676202 5.881168
16.166667 32.676202 5.979624
16.200000 32.676202 6.081069
16.233333 32.676202 6.185355
16.266667 32.676202 6.271900
16.300000 32.676202 6.337451
16.333333 32.676202 6.402359
16.366667 32.676202 6.469162
16.400000 32.676202 6.537800
16.433333 32.676202 6.608219
16.466667 32.676202 6.680360
16.500000 32.676202 6.754170
16.533333 32.676202 6.789628
16.566667 32.676202 6.817760
16.600000 32.676202 6.847829
16.633333 32.676202 6.879810
16.666667 32.676202 6.913677
16.700000 32.676202 6.949402
16.733333 32.676202 6.986957
16.766667 32.676202 7.008816
16.800000 32.676202 7.012131
14.800000 32.704260 6.419609
14.833333 32.704260 6.317449
14.866667 32.704260 6.217683
14.900000 32.704260 6.120429
14.933333 32.704260 6.025808
14.966667 32.704260 5.933945
15.000000 32.704260 5.844972
15.033333 32.704260 5.677964
15.066667 32.704260 5.504732
15.100000 32.704260 5.337830
15.133333 32.704260 5.177869
15.166667 32.704260 5.025513
15.200000 32.704260 4.881474
15.233333 32.704260 4.746508
15.266667 32.704260 4.613945
15.300000 32.704260 4.485345
15.333333 32.704260 4.369776
15.366667 32.704260 4.269407
15.400000 32.704260 4.185331
15.433333 32.704260 4.118545
15.466667 32.704260 4.069901
15.500000 32.704260 4.040053
15.533333 32.704260 4.025993
15.566667 32.704260 4.028368
15.600000 32.704260 4.050597
15.633333 32.704260 4.092357
15.666667 32.704260 4.153060
15.700000 32.704260 4.231890
15.733333 32.704260 4.327855
15.766667 32.704260 4.430334
15.800000 32.704260 4.535612
15.833333 32.704260 4.651321
15.866667 32.704260 4.776155
15.900000 32.704260 4.909419
15.933333 32.704260 5.050445
15.966667 32.704260 5.198601
16.000000 32.704260 5.353297
16.033333 32.704260 5.454604
16.066667 32.704260 5.551823
16.100000 32.704260 5.652315
16.133333 32.704260 5.755907
16.166667 32.704260 5.862434
16.200000 32.704260 5.971739
16.233333 32.704260 6.083673
16.266667 32.704260 6.177204
16.300000 32.704260 6.249040
16.333333 32.704260 6.320014
16.366667 32.704260 6.392773
16.400000 32.704260 6.467257
16.433333 32.704260 6.543405
16.466667 32.704260 6.621161
16.500000 32.704260 6.700470
16.533333 32.704260 6.743394
16.566667 32.704260 6.779757
16.600000 32.704260 6.817938
16.633333 32.704260 6.857908
16.666667 32.704260 6.899633
16.700000 32.704260 6.943084
16.733333 32.704260 6.988228
16.766667 32.704260 7.017134
16.800000 32.704260 7.026906
14.800000 32.732309 6.493826
14.833333 32.732309 6.365699
14.866667 32.732309 6.239674
14.900000 32.732309 6.115881
14.933333 32.732309 5.994460
14.966667 32.732309 5.875556
15.000000 32.732309 5.759327
15.033333 32.732309 5.571623
15.066667 32.732309 5.381094
15.100000 32.732309 5.196556
15.133333 32.732309 5.018669
15.166667 32.732309 4.848167
15.200000 32.732309 4.685856
15.233333 32.732309 4.532616
15.266667 32.732309 4.382621
15.300000 32.732309 4.238894
15.333333 32.732309 4.110211
15.366667 32.732309 3.997906
15.400000 32.732309 3.903395
15.433333 32.732309 3.827995
15.466667 32.732309 3.772851
15.500000 32.732309 3.738861
15.533333 32.732309 3.724584
15.566667 32.732309 3.730129
15.600000 32.732309 3.757408
15.633333 32.732309 3.805951
15.666667 32.732309 3.874961
15.700000 32.732309 3.963368
15.733333 32.732309 4.069908
15.766667 32.732309 4.183969
15.800000 32.732309 4.302028
15.833333 32.732309 4.431212
15.866667 32.732309 4.569613
15.900000 32.732309 4.716417
15.933333 32.732309 4.870866
15.966667 32.732309 5.032255
16.000000 32.732309 5.199939
16.033333 32.732309 5.310112
16.066667 32.732309 5.415950
16.100000 32.732309 5.524841
16.133333 32.732309 5.636607
16.166667 32.732309 5.751080
16.200000 32.732309 5.868102
16.233333 32.732309 5.987522
16.266667 32.732309 6.087891
16.300000 32.732309 6.165904
16.333333 32.732309 6.242849
16.366667 32.732309 6.321459
16.400000 32.732309 6.401673
16.433333 32.732309 6.483432
16.466667 32.732309 6.566677
16.500000 32.732309 6.651351
16.533333 32.732309 6.701633
16.566667 32.732309 6.746078
16.600000 32.732309 6.792211
16.633333 32.732309 6.840001
16.666667 32.732309 6.889412
16.700000 32.732309 6.940409
16.733333 32.732309 6.992959
16.766667 32.732309 7.028752
16.800000 32.732309 7.044875
14.800000 32.760349 6.508496
14.833333 32.760349 6.357708
14.866667 32.760349 6.208747
14.900000 32.760349 6.061749
14.933333 32.760349 5.916858
14.966667 32.760349 5.774235
15.000000 32.760349 5.634050
15.033333 32.760349 5.428255
15.066667 32.760349 5.222351
15.100000 32.760349 5.022035
15.133333 32.760349 4.828004
15.166667 32.760349 4.641044
15.200000 32.760349 4.462045
15.233333 32.760349 4.292004
15.266667 32.760349 4.125648
15.300000 32.760349 3.967178
15.333333 32.760349 3.825411
15.366667 32.760349 3.701187
15.400000 32.760349 3.596326
15.433333 32.760349 3.512560
15.466667 32.760349 3.451427
15.500000 32.760349 3.414141
15.533333 32.760349 3.400260
15.566667 32.760349 3.409333
15.600000 32.760349 3.442398
15.633333 32.760349 3.498773
15.666667 32.760349 3.577356
15.700000 32.760349 3.676724
15.733333 32.760349 3.795245
15.766667 32.760349 3.921950
15.800000 32.760349 4.053127
15.833333 32.760349 4.195716
15.866667 32.760349 4.347591
15.900000 32.760349 4.507816
15.933333 32.760349 4.675531
15.966667 32.760349 4.849961
16.000000 32.760349 5.030405
16.033333 32.760349 5.149295
16.066667 32.760349 5.263874
16.100000 32.760349 5.381269
16.133333 32.760349 5.501303
16.166667 32.760349 5.623806
16.200000 32.760349 5.748619
16.233333 32.760349 5.875596
16.266667 32.760349 5.982773
16.300000 32.760349 6.066844
16.333333 32.760349 6.149648
16.366667 32.760349 6.234001
16.400000 32.760349 6.319841
16.433333 32.760349 6.407109
16.466667 32.760349 6.495747
16.500000 32.760349 6.585700
16.533333 32.760349 6.642780
16.566667 32.760349 6.694674
16.600000 32.760349 6.748142
16.633333 32.760349 6.803147
16.666667 32.760349 6.859653
16.700000 32.760349 6.917623
16.733333 32.760349 6.977018
16.766667 32.760349 7.019283
16.800000 32.760349 7.041634
14.800000 32.788381 6.402854
14.833333 32.788381 6.235999
14.866667 32.788381 6.070729
14.900000 32.788381 5.907177
14.933333 32.788381 5.745491
14.966667 32.788381 5.585830
15.000000 32.788381 5.428376
15.033333 32.788381 5.209620
15.066667 32.788381 4.992565
15.100000 32.788381 4.780622
15.133333 32.788381 4.574501
15.166667 32.788381 4.375025
15.200000 32.788381 4.183145
15.233333 32.788381 3.999955
15.266667 32.788381 3.820349
15.300000 32.788381 3.649203
15.333333 32.788381 3.495726
15.366667 32.788381 3.360737
15.400000 32.788381 3.246542
15.433333 32.788381 3.155401
15.466667 32.788381 3.089353
15.500000 32.788381 3.050030
15.533333 32.788381 3.036952
15.566667 32.788381 3.049394
15.600000 32.788381 3.088608
15.633333 32.788381 3.153593
15.666667 32.788381 3.242801
15.700000 32.788381 3.354301
15.733333 32.788381 3.485953
15.766667 32.788381 3.626093
15.800000 32.788381 3.770302
15.833333 32.788381 3.925639
15.866667 32.788381 4.090396
15.900000 32.788381 4.263483
15.933333 32.788381 4.443925
15.966667 32.788381 4.630864
16.000000 32.788381 4.823543
16.033333 32.788381 4.951041
16.066667 32.788381 5.074665
16.100000 32.788381 5.200872
16.133333 32.788381 5.329480
16.166667 32.788381 5.460319
16.200000 32.788381 5.593232
16.233333 32.788381 5.728075
16.266667 32.788381 5.842143
16.300000 32.788381 5.932127
16.333333 32.788381 6.020655
16.366667 32.788381 6.110629
16.400000 32.788381 6.201986
16.433333 32.788381 6.294666
16.466667 32.788381 6.388612
16.500000 32.788381 6.483767
16.533333 32.788381 6.546347
16.566667 32.788381 6.604308
16.600000 32.788381 6.663750
16.633333 32.788381 6.724633
16.666667 32.788381 6.786919
16.700000 32.788381 6.850568
16.733333 32.788381 6.915544
16.766667 32.788381 6.963186
16.800000 32.788381 6.991067
14.800000 32.816403 6.285054
14.833333 32.816403 6.105376
14.866667 32.816403 5.926973
14.900000 32.816403 5.749964
14.933333 32.816403 5.574481
14.966667 32.816403 5.400673
15.000000 32.816403 5.228707
15.033333 32.816403 4.999472
15.066667 32.816403 4.773221
15.100000 32.816403 4.551422
15.133333 32.816403 4.334756
15.166667 32.816403 4.124032
15.200000 32.816403 3.920211
15.233333 32.816403 3.724424
15.266667 32.816403 3.531711
15.300000 32.816403 3.347438
15.333333 32.816403 3.181142
15.366667 32.816403 3.033716
15.400000 32.816403 2.908033
15.433333 32.816403 2.807013
15.466667 32.816403 2.733393
15.500000 32.816403 2.689424
15.533333 32.816403 2.674776
15.566667 32.816403 2.688808
15.600000 32.816403 2.732975
15.633333 32.816403 2.805854
15.666667 32.816403 2.905285
15.700000 32.816403 3.028654
15.733333 32.816403 3.173170
15.766667 32.816403 3.326761
15.800000 32.816403 3.484382
15.833333 32.816403 3.652827
15.866667 32.816403 3.830744
15.900000 32.816403 4.016875
15.933333 32.816403 4.210131
15.966667 32.816403 4.409575
16.000000 32.816403 4.614406
16.033333 32.816403 4.750502
16.066667 32.816403 4.883131
16.100000 32.816403 5.018089
16.133333 32.816403 5.155193
16.166667 32.816403 5.294277
16.200000 32.816403 5.435187
16.233333 32.816403 5.577787
16.266667 32.816403 5.698567
16.300000 32.816403 5.794258
16.333333 32.816403 5.888341
16.366667 32.816403 5.983759
16.400000 32.816403 6.080448
16.433333 32.816403 6.178349
16.466667 32.816403 6.277404
16.500000 32.816403 6.377561
16.533333 32.816403 6.444742
16.566667 32.816403 6.507843
16.600000 32.816403 6.572316
16.633333 32.816403 6.638121
16.666667 32.816403 6.705220
16.700000 32.816403 6.773573
16.733333 32.816403 6.843144
16.766667 32.816403 6.895132
16.800000 32.816403 6.927444
14.800000 32.844417 6.195496
14.833333 32.844417 6.003597
14.866667 32.844417 5.812641
14.900000 32.844417 5.622723
14.933333 32.844417 5.433953
14.966667 32.844417 5.246455
15.000000 32.844417 5.060369
15.033333 32.844417 4.821197
15.066667 32.844417 4.585772
15.100000 32.844417 4.354010
15.133333 32.844417 4.126527
15.166667 32.844417 3.904072
15.200000 32.844417 3.687554
15.233333 32.844417 3.478083
15.266667 32.844417 3.270696
15.300000 32.844417 3.071028
15.333333 32.844417 2.888983
15.366667 32.844417 2.725670
15.400000 32.844417 2.584642
15.433333 32.844417 2.469719
15.466667 32.844417 2.384678
15.500000 32.844417 2.332791
15.533333 32.844417 2.314212
15.566667 32.844417 2.328574
15.600000 32.844417 2.377500
15.633333 32.844417 2.458928
15.666667 32.844417 2.569770
15.700000 32.844417 2.706414
15.733333 32.844417 2.865172
15.766667 32.844417 3.033524
15.800000 32.844417 3.205824
15.833333 32.844417 3.388478
15.866667 32.844417 3.580443
15.900000 32.844417 3.780302
15.933333 32.844417 3.986868
15.966667 32.844417 4.199151
16.000000 32.844417 4.416327
16.033333 32.844417 4.560968
16.066667 32.844417 4.702510
16.100000 32.844417 4.846082
16.133333 32.844417 4.991508
16.166667 32.844417 5.138632
16.200000 32.844417 5.287311
16.233333 32.844417 5.437418
16.266667 32.844417 5.564697
16.300000 32.844417 5.665975
16.333333 32.844417 5.765532
16.366667 32.844417 5.866299
16.400000 32.844417 5.968214
16.433333 32.844417 6.071219
16.466667 32.844417 6.175261
16.500000 32.844417 6.280288
16.533333 32.844417 6.351937
16.566667 32.844417 6.420032
16.600000 32.844417 6.489384
16.633333 32.844417 6.559953
16.666667 32.844417 6.631699
16.700000 32.844417 6.704587
16.733333 32.844417 6.778579
16.766667 32.844417 6.834734
16.800000 32.844417 6.871286
14.800000 32.872422 6.135390
14.833333 32.872422 5.932117
14.866667 32.872422 5.729462
14.900000 32.872422 5.527492
14.933333 32.872422 5.326285
14.966667 32.872422 5.125933
15.000000 32.872422 4.926538
15.033333 32.872422 4.678401
15.066667 32.872422 4.434223
15.100000 32.872422 4.192835
15.133333 32.872422 3.954751
15.166667 32.872422 3.720603
15.200000 32.872422 3.491184
15.233333 32.872422 3.267492
15.266667 32.872422 3.044363
15.300000 32.872422 2.827360
15.333333 32.872422 2.626683
15.366667 32.872422 2.443722
15.400000 32.872422 2.282741
15.433333 32.872422 2.148684
15.466667 32.872422 2.046850
15.500000 32.872422 1.982212
15.533333 32.872422 1.956089
15.566667 32.872422 1.968821
15.600000 32.872422 2.022203
15.633333 32.872422 2.113157
15.666667 32.872422 2.237104
15.700000 32.872422 2.388916
15.733333 32.872422 2.563645
15.766667 32.872422 2.748297
15.800000 32.872422 2.936688
15.833333 32.872422 3.134703
15.866667 32.872422 3.341569
15.900000 32.872422 3.555743
15.933333 32.872422 3.775981
15.966667 32.872422 4.001283
16.000000 32.872422 4.230837
16.033333 32.872422 4.383847
16.066667 32.872422 4.534087
16.100000 32.872422 4.686020
16.133333 32.872422 4.839485
16.166667 32.872422 4.994341
16.200000 32.872422 5.150464
16.233333 32.872422 5.307740
16.266667 32.872422 5.441236
16.300000 32.872422 5.547930
16.333333 32.872422 5.652834
16.366667 32.872422 5.758812
16.400000 32.872422 5.865807
16.433333 32.872422 5.973762
16.466667 32.872422 6.082629
16.500000 32.872422 6.192357
16.533333 32.872422 6.268312
16.566667 32.872422 6.341226
16.600000 32.872422 6.415274
16.633333 32.872422 6.490419
16.666667 32.872422 6.566623
16.700000 32.872422 6.643850
16.733333 32.872422 6.722064
16.766667 32.872422 6.782188
16.800000 32.872422 6.822773
14.800000 32.900418 6.105577
14.833333 32.900418 5.892009
14.866667 32.900418 5.678774
14.900000 32.900418 5.465911
14.933333 32.900418 5.253465
14.966667 32.900418 5.041487
15.000000 32.900418 4.830041
15.033333 32.900418 4.574369
15.066667 32.900418 4.322309
15.100000 32.900418 4.072159
15.133333 32.900418 3.824296
15.166667 32.900418 3.579194
15.200000 32.900418 3.337462
15.233333 32.900418 3.099889
15.266667 32.900418 2.860898
15.300000 32.900418 2.625507
15.333333 32.900418 2.403972
15.366667 32.900418 2.197872
15.400000 32.900418 2.011955
15.433333 32.900418 1.852307
15.466667 32.900418 1.726233
15.500000 32.900418 1.641488
15.533333 32.900418 1.601965
15.566667 32.900418 1.609797
15.600000 32.900418 1.667129
15.633333 32.900418 1.769155
15.666667 32.900418 1.908722
15.700000 32.900418 2.078279
15.733333 32.900418 2.271121
15.766667 32.900418 2.473812
15.800000 32.900418 2.679779
15.833333 32.900418 2.894252
15.866667 32.900418 3.116721
15.900000 32.900418 3.345590
15.933333 32.900418 3.579633
15.966667 32.900418 3.817899
16.000000 32.900418 4.059642
16.033333 32.900418 4.220682
16.066667 32.900418 4.379251
16.100000 32.900418 4.539149
16.133333 32.900418 4.700237
16.166667 32.900418 4.862401
16.200000 32.900418 5.025532
16.233333 32.900418 5.189543
16.266667 32.900418 5.328895
16.300000 32.900418 5.440777
16.333333 32.900418 5.550852
16.366667 32.900418 5.661858
16.400000 32.900418 5.773739
16.433333 32.900418 5.886447
16.466667 32.900418 5.999936
16.500000 32.900418 6.114161
16.533333 32.900418 6.194230
16.566667 32.900418 6.271753
16.600000 32.900418 6.350286
16.633333 32.900418 6.429792
16.666667 32.900418 6.510234
16.700000 32.900418 6.591580
16.733333 32.900418 6.673797
16.766667 32.900418 6.737670
16.800000 32.900418 6.782060
14.800000 32.928405 6.106470
14.833333 32.928405 5.883883
14.866667 32.928405 5.661419
14.900000 32.928405 5.439090
14.933333 32.928405 5.216914
14.966667 32.928405 4.994912
15.000000 32.928405 4.773108
15.033333 32.928405 4.511740
15.066667 32.928405 4.253116
15.100000 32.928405 3.995607
15.133333 32.928405 3.739443
15.166667 32.928405 3.484919
15.200000 32.928405 3.232425
15.233333 32.928405 2.982475
15.266667 32.928405 2.728900
15.300000 32.928405 2.475653
15.333333 32.928405 2.232660
15.366667 32.928405 2.001392
15.400000 32.928405 1.786408
15.433333 32.928405 1.594309
15.466667 32.928405 1.434320
15.500000 32.928405 1.318185
15.533333 32.928405 1.255128
15.566667 32.928405 1.252030
15.600000 32.928405 1.312366
15.633333 32.928405 1.428119
15.666667 32.928405 1.587211
15.700000 32.928405 1.778045
15.733333 32.928405 1.991518
15.766667 32.928405 2.214021
15.800000 32.928405 2.438922
15.833333 32.928405 2.670689
15.866667 32.928405 2.909117
15.900000 32.928405 3.152695
15.933333 32.928405 3.400316
15.966667 32.928405 3.651159
16.000000 32.928405 3.904600
16.033333 32.928405 4.073130
16.066667 32.928405 4.239472
16.100000 32.928405 4.406770
16.133333 32.928405 4.574917
16.166667 32.928405 4.743823
16.200000 32.928405 4.913411
16.233333 32.928405 5.083611
16.266667 32.928405 5.228376
16.300000 32.928405 5.345157
16.333333 32.928405 5.460173
16.366667 32.928405 5.575969
16.400000 32.928405 5.692500
16.433333 32.928405 5.809721
16.466667 32.928405 5.927589
16.500000 32.928405 6.046069
16.533333 32.928405 6.130026
16.566667 32.928405 6.211918
16.600000 32.928405 6.294693
16.633333 32.928405 6.378315
16.666667 32.928405 6.462753
16.700000 32.928405 6.547974
16.733333 32.928405 6.633948
16.766667 32.928405 6.701333
16.800000 32.928405 6.749279
14.800000 32.956384 6.138027
14.833333 32.956384 5.907842
14.866667 32.956384 5.677669
14.900000 32.956384 5.447508
14.933333 32.956384 5.217360
14.966667 32.956384 4.987229
15.000000 32.956384 4.757117
15.033333 32.956384 4.492206
15.066667 32.956384 4.228701
15.100000 32.956384 3.965691
15.133333 32.956384 3.703279
15.166667 32.956384 3.441603
15.200000 32.956384 3.180845
15.233333 32.956384 2.921250
15.266667 32.956384 2.655993
15.300000 32.956384 2.387542
15.333333 32.956384 2.125139
15.366667 32.956384 1.869829
15.400000 32.956384 1.624958
15.433333 32.956384 1.396031
15.466667 32.956384 1.192267
15.500000 32.956384 1.028730
15.533333 32.956384 0.923684
15.566667 32.956384 0.896887
15.600000 32.956384 0.958136
15.633333 32.956384 1.092724
15.666667 32.956384 1.277682
15.700000 32.956384 1.494422
15.733333 32.956384 1.731048
15.766667 32.956384 1.974681
15.800000 32.956384 2.219304
15.833333 32.956384 2.468568
15.866667 32.956384 2.722672
15.900000 32.956384 2.980380
15.933333 32.956384 3.240831
15.966667 32.956384 3.503414
16.000000 32.956384 3.767683
16.033333 32.956384 3.942921
16.066667 32.956384 4.116264
16.100000 32.956384 4.290205
16.133333 32.956384 4.464677
16.166667 32.956384 4.639618
16.200000 32.956384 4.814979
16.233333 32.956384 4.990713
16.266667 32.956384 5.140360
16.300000 32.956384 5.261687
16.333333 32.956384 5.381356
16.366667 32.956384 5.501656
16.400000 32.956384 5.622549
16.433333 32.956384 5.743994
16.466667 32.956384 5.865960
16.500000 32.956384 5.988414
16.533333 32.956384 6.076004
16.566667 32.956384 6.161993
16.600000 32.956384 6.248736
16.633333 32.956384 6.336204
16.666667 32.956384 6.424366
16.700000 32.956384 6.513195
16.733333 32.956384 6.602662
16.766667 32.956384 6.673302
16.800000 32.956384 6.724540
14.800000 32.984353 6.199751
14.833333 32.984353 5.963468
14.866667 32.984353 5.727207
14.900000 32.984353 5.490970
14.933333 32.984353 5.254761
14.966667 32.984353 5.018582
15.000000 32.984353 4.782441
15.033333 32.984353 4.516282
15.066667 32.984353 4.249791
15.100000 32.984353 3.983415
15.133333 32.984353 3.717179
15.166667 32.984353 3.451115
15.200000 32.984353 3.185267
15.233333 32.984353 2.919695
15.266667 32.984353 2.647002
15.300000 32.984353 2.368010
15.333333 32.984353 2.091199
15.366667 32.984353 1.817255
15.400000 32.984353 1.547701
15.433333 32.984353 1.285303
15.466667 32.984353 1.035516
15.500000 32.984353 0.810088
15.533333 32.984353 0.632118
15.566667 32.984353 0.549257
15.600000 32.984353 0.605177
15.633333 32.984353 0.770222
15.666667 32.984353 0.991308
15.700000 32.984353 1.238784
15.733333 32.984353 1.499643
15.766667 32.984353 1.764077
15.800000 32.984353 2.027791
15.833333 32.984353 2.293521
15.866667 32.984353 2.561973
15.900000 32.984353 2.832370
15.933333 32.984353 3.104206
15.966667 32.984353 3.377133
16.000000 32.984353 3.650906
16.033333 32.984353 3.831804
16.066667 32.984353 4.011132
16.100000 32.984353 4.190757
16.133333 32.984353 4.370643
16.166667 32.984353 4.550757
16.200000 32.984353 4.731074
16.233333 32.984353 4.911573
16.266667 32.984353 5.065484
16.300000 32.984353 5.190938
16.333333 32.984353 5.314916
16.366667 32.984353 5.439379
16.400000 32.984353 5.564297
16.433333 32.984353 5.689640
16.466667 32.984353 5.815379
16.500000 32.984353 5.941489
16.533333 32.984353 6.032425
16.566667 32.984353 6.122207
16.600000 32.984353 6.212620
16.633333 32.984353 6.303637
16.666667 32.984353 6.395230
16.700000 32.984353 6.487376
16.733333 32.984353 6.580053
16.766667 32.984353 6.653674
16.800000 32.984353 6.707924
14.800000 33.012314 6.287464
14.833333 33.012314 6.048782
14.866667 33.012314 5.810234
14.900000 33.012314 5.571836
14.933333 33.012314 5.333609
14.966667 33.012314 5.095576
15.000000 33.012314 4.857767
15.033333 33.012314 4.593292
15.066667 33.012314 4.326704
15.100000 33.012314 4.060115
15.133333 33.012314 3.793527
15.166667 33.012314 3.526939
15.200000 33.012314 3.260350
15.233333 33.012314 2.993762
15.266667 33.012314 2.718832
15.300000 33.012314 2.434946
15.333333 33.012314 2.150656
15.366667 33.012314 1.866807
15.400000 33.012314 1.583636
15.433333 33.012314 1.301584
15.466667 33.012314 1.021580
15.500000 33.012314 0.745934
15.533333 33.012314 0.479203
15.566667 33.012314 0.257307
15.600000 33.012314 0.258439
15.633333 33.012314 0.481025
15.666667 33.012314 0.748326
15.700000 33.012314 1.025968
15.733333 33.012314 1.307379
15.766667 33.012314 1.588744
15.800000 33.012314 1.868292
15.833333 33.012314 2.147705
15.866667 33.012314 2.427937
15.900000 33.012314 2.708733
15.933333 33.012314 2.989935
15.966667 33.012314 3.271438
16.000000 33.012314 3.553170
16.033333 33.012314 3.738514
16.066667 33.012314 3.922557
16.100000 33.012314 4.106696
16.133333 33.012314 4.290919
16.166667 33.012314 4.475214
16.200000 33.012314 4.659574
16.233333 33.012314 4.843991
16.266667 33.012314 5.001451
16.300000 33.012314 5.130536
16.333333 33.012314 5.258455
16.366667 33.012314 5.386724
16.400000 33.012314 5.515318
16.433333 33.012314 5.644215
16.466667 33.012314 5.773394
16.500000 33.012314 5.902838
16.533333 33.012314 5.996484
16.566667 33.012314 6.089392
16.600000 33.012314 6.182821
16.633333 33.012314 6.276745
16.666667 33.012314 6.371144
16.700000 33.012314 6.465996
16.733333 33.012314 6.561282
16.766667 33.012314 6.637171
16.800000 33.012314 6.693599
14.800000 33.040265 6.392224
14.833333 33.040265 6.157244
14.866667 33.040265 5.922542
14.900000 33.040265 5.688154
14.933333 33.040265 5.454122
14.966667 33.040265 5.220491
15.000000 33.040265 4.987319
15.033333 33.040265 4.727667
15.066667 33.040265 4.464552
15.100000 33.040265 4.201520
15.133333 33.040265 3.938585
15.166667 33.040265 3.675769
15.200000 33.040265 3.413099
15.233333 33.040265 3.150611
15.266667 33.040265 2.877971
15.300000 33.040265 2.593658
15.333333 33.040265 2.307949
15.366667 33.040265 2.022292
15.400000 33.040265 1.736716
15.433333 33.040265 1.451266
15.466667 33.040265 1.166036
15.500000 33.040265 0.881241
15.533333 33.040265 0.592863
15.566667 33.040265 0.310760
15.600000 33.040265 0.103385
15.633333 33.040265 0.306329
15.666667 33.040265 0.588233
15.700000 33.040265 0.875917
15.733333 33.040265 1.165107
15.766667 33.040265 1.454408
15.800000 33.040265 1.742882
15.833333 33.040265 2.030874
15.866667 33.040265 2.318868
15.900000 33.040265 2.606862
15.933333 33.040265 2.894857
15.966667 33.040265 3.182853
16.000000 33.040265 3.470849
16.033333 33.040265 3.659567
16.066667 33.040265 3.847344
16.100000 33.040265 4.035127
16.133333 33.040265 4.222916
16.166667 33.040265 4.410709
16.200000 33.040265 4.598506
16.233333 33.040265 4.786307
16.266667 33.040265 4.946743
16.300000 33.040265 5.078912
16.333333 33.040265 5.210330
16.366667 33.040265 5.341975
16.400000 33.040265 5.473831
16.433333 33.040265 5.605880
16.466667 33.040265 5.738111
16.500000 33.040265 5.870512
16.533333 33.040265 5.965804
16.566667 33.040265 6.060780
16.600000 33.040265 6.156179
16.633333 33.040265 6.251985
16.666667 33.040265 6.348176
16.700000 33.040265 6.444737
16.733333 33.040265 6.541651
16.766667 33.040265 6.618475
16.800000 33.040265 6.675347
14.800000 33.068208 6.514619
14.833333 33.068208 6.286946
14.866667 33.068208 6.059722
14.900000 33.068208 5.833000
14.933333 33.068208 5.606840
14.966667 33.068208 5.381313
15.000000 33.068208 5.156501
15.033333 33.068208 4.903601
15.066667 33.068208 4.646052
15.100000 33.068208 4.388780
15.133333 33.068208 4.131835
15.166667 33.068208 3.875281
15.200000 33.068208 3.619203
15.233333 33.068208 3.363707
15.266667 33.068208 3.095993
15.300000 33.068208 2.814023
15.333333 33.068208 2.530634
15.366667 33.068208 2.248081
15.400000 33.068208 1.966722
15.433333 33.068208 1.687155
15.466667 33.068208 1.410448
15.500000 33.068208 1.138685
15.533333 33.068208 0.868699
15.566667 33.068208 0.624418
15.600000 33.068208 0.448767
15.633333 33.068208 0.434876
15.666667 33.068208 0.594202
15.700000 33.068208 0.832627
15.733333 33.068208 1.099861
15.766667 33.068208 1.379505
15.800000 33.068208 1.665091
15.833333 33.068208 1.953387
15.866667 33.068208 2.243005
15.900000 33.068208 2.533492
15.933333 33.068208 2.824580
15.966667 33.068208 3.116101
16.000000 33.068208 3.407942
16.033333 33.068208 3.598714
16.066667 33.068208 3.789256
16.100000 33.068208 3.979827
16.133333 33.068208 4.170424
16.166667 33.068208 4.361043
16.200000 33.068208 4.551681
16.233333 33.068208 4.742336
16.266667 33.068208 4.905211
16.300000 33.068208 5.039891
16.333333 33.068208 5.174260
16.366667 33.068208 5.308753
16.400000 33.068208 5.443362
16.433333 33.068208 5.578078
16.466667 33.068208 5.712893
16.500000 33.068208 5.847802
16.533333 33.068208 5.943985
16.566667 33.068208 6.040308
16.600000 33.068208 6.136968
16.633333 33.068208 6.233948
16.666667 33.068208 6.331236
16.700000 33.068208 6.428815
16.733333 33.068208 6.526674
16.766667 33.068208 6.603504
16.800000 33.068208 6.659559
14.800000 33.096142 6.654990
14.833333 33.096142 6.435019
14.866667 33.096142 6.215677
14.900000 33.096142 5.997030
14.933333 33.096142 5.779159
14.966667 33.096142 5.562154
15.000000 33.096142 5.346121
15.033333 33.096142 5.100562
15.066667 33.096142 4.849285
15.100000 33.096142 4.598531
15.133333 33.096142 4.348390
15.166667 33.096142 4.098973
15.200000 33.096142 3.850423
15.233333 33.096142 3.602918
15.266667 33.096142 3.341486
15.300000 33.096142 3.063819
15.333333 33.096142 2.785146
15.366667 33.096142 2.508458
15.400000 33.096142 2.234492
15.433333 33.096142 1.964387
15.466667 33.096142 1.699984
15.500000 33.096142 1.444418
15.533333 33.096142 1.192510
15.566667 33.096142 0.969683
15.600000 33.096142 0.801309
15.633333 33.096142 0.726300
15.666667 33.096142 0.772355
15.700000 33.096142 0.921496
15.733333 33.096142 1.133748
15.766667 33.096142 1.381330
15.800000 33.096142 1.648848
15.833333 33.096142 1.926744
15.866667 33.096142 2.210107
15.900000 33.096142 2.497075
15.933333 33.096142 2.786535
15.966667 33.096142 3.077783
16.000000 33.096142 3.370358
16.033333 33.096142 3.561410
16.066667 33.096142 3.753322
16.100000 33.096142 3.945425
16.133333 33.096142 4.137692
16.166667 33.096142 4.330101
16.200000 33.096142 4.522635
16.233333 33.096142 4.715278
16.266667 33.096142 4.879873
16.300000 33.096142 5.016456
16.333333 33.096142 5.153190
16.366667 33.096142 5.289975
16.400000 33.096142 5.426807
16.433333 33.096142 5.563684
16.466667 33.096142 5.700600
16.500000 33.096142 5.837554
16.533333 33.096142 5.934289
16.566667 33.096142 6.031654
16.600000 33.096142 6.129278
16.633333 33.096142 6.227147
16.666667 33.096142 6.325251
16.700000 33.096142 6.423580
16.733333 33.096142 6.522121
16.766667 33.096142 6.598648
16.800000 33.096142 6.653453
14.800000 33.124068 6.812207
14.833333 33.124068 6.600207
14.866667 33.124068 6.389010
14.900000 33.124068 6.178696
14.933333 33.124068 5.969360
14.966667 33.124068 5.761108
15.000000 33.124068 5.554062
15.033333 33.124068 5.316189
15.066667 33.124068 5.071611
15.100000 33.124068 4.827813
15.133333 33.124068 4.584919
15.166667 33.124068 4.343081
15.200000 33.124068 4.102484
15.233333 33.124068 3.863362
15.266667 33.124068 3.608811
15.300000 33.124068 3.336402
15.333333 33.124068 3.063520
15.366667 33.124068 2.793724
15.400000 33.124068 2.528004
15.433333 33.124068 2.267792
15.466667 33.124068 2.015225
15.500000 33.124068 1.773570
15.533333 33.124068 1.534131
15.566667 33.124068 1.321926
15.600000 33.124068 1.154368
15.633333 33.124068 1.052991
15.666667 33.124068 1.037380
15.700000 33.124068 1.111158
15.733333 33.124068 1.258704
15.766667 33.124068 1.459524
15.800000 33.124068 1.695863
15.833333 33.124068 1.952979
15.866667 33.124068 2.222039
15.900000 33.124068 2.499188
15.933333 33.124068 2.782011
15.966667 33.124068 3.068939
16.000000 33.124068 3.358920
16.033333 33.124068 3.548372
16.066667 33.124068 3.740159
16.100000 33.124068 3.932449
16.133333 33.124068 4.125172
16.166667 33.124068 4.318270
16.200000 33.124068 4.511696
16.233333 33.124068 4.705409
16.266667 33.124068 4.870964
16.300000 33.124068 5.008811
16.333333 33.124068 5.147292
16.366667 33.124068 5.285782
16.400000 33.124068 5.424281
16.433333 33.124068 5.562788
16.466667 33.124068 5.701302
16.500000 33.124068 5.839822
16.533333 33.124068 5.936761
16.566667 33.124068 6.034856
16.600000 33.124068 6.133141
16.633333 33.124068 6.231606
16.666667 33.124068 6.330243
16.700000 33.124068 6.429045
16.733333 33.124068 6.528002
16.766667 33.124068 6.603922
16.800000 33.124068 6.657047
14.800000 33.151984 6.985116
14.833333 33.151984 6.781240
14.866667 33.151984 6.578327
14.900000 33.151984 6.376469
14.933333 33.151984 6.175769
14.966667 33.151984 5.976344
15.000000 33.151984 5.778326
15.033333 33.151984 5.548282
15.066667 33.151984 5.310609
15.100000 33.151984 5.073955
15.133333 33.151984 4.838468
15.166667 33.151984 4.604328
15.200000 33.151984 4.371751
15.233333 33.151984 4.141001
15.266667 33.151984 3.893441
15.300000 33.151984 3.626603
15.333333 33.151984 3.359789
15.366667 33.151984 3.096965
15.400000 33.151984 2.839239
15.433333 33.151984 2.588132
15.466667 33.151984 2.345775
15.500000 33.151984 2.115174
15.533333 33.151984 1.883832
15.566667 33.151984 1.676682
15.600000 33.151984 1.507502
15.633333 33.151984 1.390222
15.666667 33.151984 1.338555
15.700000 33.151984 1.360001
15.733333 33.151984 1.451321
15.766667 33.151984 1.602885
15.800000 33.151984 1.801133
15.833333 33.151984 2.029992
15.866667 33.151984 2.278055
15.900000 33.151984 2.539701
15.933333 33.151984 2.811140
15.966667 33.151984 3.089792
16.000000 33.151984 3.373870
16.033333 33.151984 3.559845
16.066667 33.151984 3.749984
16.100000 33.151984 3.941090
16.133333 33.151984 4.133028
16.166667 33.151984 4.325687
16.200000 33.151984 4.518977
16.233333 33.151984 4.712819
16.266667 33.151984 4.878559
16.300000 33.151984 5.017012
16.333333 33.151984 5.156603
16.366667 33.151984 5.296196
16.400000 33.151984 5.435790
16.433333 33.151984 5.575385
16.466667 33.151984 5.714982
16.500000 33.151984 5.854580
16.533333 33.151984 5.951376
16.566667 33.151984 6.049885
16.600000 33.151984 6.148525
16.633333 33.151984 6.247290
16.666667 33.151984 6.346175
16.700000 33.151984 6.445174
16.733333 33.151984 6.544281
16.766667 33.151984 6.619292
16.800000 33.151984 6.670315
14.800000 33.179891 7.172563
14.833333 33.179891 6.976867
14.866667 33.179891 6.782273
14.900000 33.179891 6.588881
14.933333 33.179891 6.396798
14.966667 33.179891 6.206147
15.000000 33.179891 6.017063
15.033333 33.179891 5.794840
15.066667 33.179891 5.564107
15.100000 33.179891 5.334597
15.133333 33.179891 5.106474
15.166667 33.179891 4.879936
15.200000 33.179891 4.655211
15.233333 33.179891 4.432577
15.266667 33.179891 4.191819
15.300000 33.179891 3.930486
15.333333 33.179891 3.669587
15.366667 33.179891 3.413356
15.400000 33.179891 3.162928
15.433333 33.179891 2.919795
15.466667 33.179891 2.685940
15.500000 33.179891 2.464005
15.533333 33.179891 2.237772
15.566667 33.179891 2.032575
15.600000 33.179891 1.860603
15.633333 33.179891 1.731781
15.666667 33.179891 1.656208
15.700000 33.179891 1.641257
15.733333 33.179891 1.688539
15.766667 33.179891 1.795816
15.800000 33.179891 1.955221
15.833333 33.179891 2.152296
15.866667 33.179891 2.374999
15.900000 33.179891 2.616794
15.933333 33.179891 2.872866
15.966667 33.179891 3.139722
16.000000 33.179891 3.414837
16.033333 33.179891 3.595570
16.066667 33.179891 3.782597
16.100000 33.179891 3.971186
16.133333 33.179891 4.161125
16.166667 33.179891 4.352237
16.200000 33.179891 4.544374
16.233333 33.179891 4.737410
16.266667 33.179891 4.902567
16.300000 33.179891 5.040967
16.333333 33.179891 5.181026
16.366667 33.179891 5.321116
16.400000 33.179891 5.461231
16.433333 33.179891 5.601372
16.466667 33.179891 5.741535
16.500000 33.179891 5.881720
16.533333 33.179891 5.978034
16.566667 33.179891 6.076642
16.600000 33.179891 6.175333
16.633333 33.179891 6.274106
16.666667 33.179891 6.372955
16.700000 33.179891 6.471878
16.733333 33.179891 6.570870
16.766667 33.179891 6.644677
16.800000 33.179891 6.693191
14.800000 33.207790 7.373421
14.833333 33.207790 7.185876
14.866667 33.207790 6.999550
14.900000 33.207790 6.814543
14.933333 33.207790 6.630966
14.966667 33.207790 6.448939
15.000000 33.207790 6.268600
15.033333 33.207790 6.054075
15.066667 33.207790 5.830190
15.100000 33.207790 5.607695
15.133333 33.207790 5.386758
15.166667 33.207790 5.167583
15.200000 33.207790 4.950400
15.233333 33.207790 4.735487
15.266667 33.207790 4.501184
15.300000 33.207790 4.245084
15.333333 33.207790 3.989731
15.366667 33.207790 3.739526
15.400000 33.207790 3.495576
15.433333 33.207790 3.259285
15.466667 33.207790 3.032443
15.500000 33.207790 2.817335
15.533333 33.207790 2.594167
15.566667 33.207790 2.389046
15.600000 33.207790 2.213634
15.633333 33.207790 2.075476
15.666667 33.207790 1.982376
15.700000 33.207790 1.940830
15.733333 33.207790 1.954128
15.766667 33.207790 2.024141
15.800000 33.207790 2.147597
15.833333 33.207790 2.312673
15.866667 33.207790 2.508090
15.900000 33.207790 2.727334
15.933333 33.207790 2.965124
15.966667 33.207790 3.217350
16.000000 33.207790 3.480876
16.033333 33.207790 3.654814
16.066667 33.207790 3.837395
16.100000 33.207790 4.022236
16.133333 33.207790 4.209039
16.166667 33.207790 4.397552
16.200000 33.207790 4.587567
16.233333 33.207790 4.778903
16.266667 33.207790 4.942731
16.300000 33.207790 5.080439
16.333333 33.207790 5.220337
16.366667 33.207790 5.360326
16.400000 33.207790 5.500399
16.433333 33.207790 5.640550
16.466667 33.207790 5.780773
16.500000 33.207790 5.921062
16.533333 33.207790 6.016562
16.566667 33.207790 6.114961
16.600000 33.207790 6.213408
16.633333 33.207790 6.311900
16.666667 33.207790 6.410438
16.700000 33.207790 6.509017
16.733333 33.207790 6.607635
16.766667 33.207790 6.679955
16.800000 33.207790 6.725568
14.800000 33.235680 7.586609
14.833333 33.235680 7.407118
14.866667 33.235680 7.228937
14.900000 33.235680 7.052165
14.933333 33.235680 6.876910
14.966667 33.235680 6.703290
15.000000 33.235680 6.531438
15.033333 33.235680 6.324407
15.066667 33.235680 6.107194
15.100000 33.235680 5.891494
15.133333 33.235680 5.677477
15.166667 33.235680 5.465343
15.200000 33.235680 5.255318
15.233333 33.235680 5.047666
15.266667 33.235680 4.819392
15.300000 33.235680 4.568154
15.333333 33.235680 4.317889
15.366667 33.235680 4.073094
15.400000 33.235680 3.834819
15.433333 33.235680 3.604355
15.466667 33.235680 3.383300
15.500000 33.235680 3.173620
15.533333 33.235680 2.952085
15.566667 33.235680 2.745826
15.600000 33.235680 2.566577
15.633333 33.235680 2.420349
15.666667 33.235680 2.313412
15.700000 33.235680 2.251370
15.733333 33.235680 2.237963
15.766667 33.235680 2.277194
15.800000 33.235680 2.368909
15.833333 33.235680 2.503779
15.866667 33.235680 2.671898
15.900000 33.235680 2.867423
15.933333 33.235680 3.085147
15.966667 33.235680 3.320707
16.000000 33.235680 3.570576
16.033333 33.235680 3.736436
16.066667 33.235680 3.913426
16.100000 33.235680 4.093436
16.133333 33.235680 4.276084
16.166667 33.235680 4.461046
16.200000 33.235680 4.648045
16.233333 33.235680 4.836846
16.266667 33.235680 4.998648
16.300000 33.235680 5.135054
16.333333 33.235680 5.274186
16.366667 33.235680 5.413502
16.400000 33.235680 5.552989
16.433333 33.235680 5.692633
16.466667 33.235680 5.832424
16.500000 33.235680 5.972352
16.533333 33.235680 6.066723
16.566667 33.235680 6.164616
16.600000 33.235680 6.262530
16.633333 33.235680 6.360466
16.666667 33.235680 6.458424
16.700000 33.235680 6.556401
16.733333 33.235680 6.654397
16.766667 33.235680 6.724960
16.800000 33.235680 6.767301
14.800000 33.263560 7.787542
14.833333 33.263560 7.615967
14.866667 33.263560 7.445791
14.900000 33.263560 7.277113
14.933333 33.263560 7.110038
14.966667 33.263560 6.944685
15.000000 33.263560 6.781176
15.033333 33.263560 6.581465
15.066667 33.263560 6.370834
15.100000 33.263560 6.161827
15.133333 33.263560 5.954613
15.166667 33.263560 5.749386
15.200000 33.263560 5.546368
15.233333 33.263560 5.345808
15.266667 33.263560 5.124037
15.300000 33.263560 4.878798
15.333333 33.263560 4.634734
15.366667 33.263560 4.396343
15.400000 33.263560 4.164598
15.433333 33.263560 3.940672
15.466667 33.263560 3.725976
15.500000 33.263560 3.522197
15.533333 33.263560 3.303042
15.566667 33.263560 3.096610
15.600000 33.263560 2.914865
15.633333 33.263560 2.762685
15.666667 33.263560 2.645177
15.700000 33.263560 2.567107
15.733333 33.263560 2.532125
15.766667 33.263560 2.545175
15.800000 33.263560 2.608073
15.833333 33.263560 2.713788
15.866667 33.263560 2.854238
15.900000 33.263560 3.024587
15.933333 33.263560 3.220094
15.966667 33.263560 3.436467
16.000000 33.263560 3.670018
16.033333 33.263560 3.826707
16.066667 33.263560 3.996980
16.100000 33.263560 4.171137
16.133333 33.263560 4.348711
16.166667 33.263560 4.529302
16.200000 33.263560 4.712562
16.233333 33.263560 4.898191
16.266667 33.263560 5.057313
16.300000 33.263560 5.191745
16.333333 33.263560 5.329506
16.366667 33.263560 5.467573
16.400000 33.263560 5.605922
16.433333 33.263560 5.744533
16.466667 33.263560 5.883389
16.500000 33.263560 6.022470
16.533333 33.263560 6.115441
16.566667 33.263560 6.212257
16.600000 33.263560 6.309076
16.633333 33.263560 6.405899
16.666667 33.263560 6.502724
16.700000 33.263560 6.599553
16.733333 33.263560 6.696384
16.766667 33.263560 6.765080
16.800000 33.263560 6.804676
14.800000 33.291432 7.969589
14.833333 33.291432 7.805649
14.866667 33.291432 7.643213
14.900000 33.291432 7.482379
14.933333 33.291432 7.323252
14.966667 33.291432 7.165945
15.000000 33.291432 7.010581
15.033333 33.291432 6.817874
15.066667 33.291432 6.613587
15.100000 33.291432 6.411044
15.133333 33.291432 6.210414
15.166667 33.291432 6.011891
15.200000 33.291432 5.815691
15.233333 33.291432 5.622055
15.266667 33.291432 5.407838
15.300000 33.291432 5.170848
15.333333 33.291432 4.935189
15.366667 33.291432 4.705269
15.400000 33.291432 4.481972
15.433333 33.291432 4.266337
15.466667 33.291432 4.059585
15.500000 33.291432 3.863144
15.533333 33.291432 3.648179
15.566667 33.291432 3.443362
15.600000 33.291432 3.260854
15.633333 33.291432 3.104595
15.666667 33.291432 2.978718
15.700000 33.291432 2.887198
15.733333 33.291432 2.833367
15.766667 33.291432 2.822400
15.800000 33.291432 2.857415
15.833333 33.291432 2.933534
15.866667 33.291432 3.044809
15.900000 33.291432 3.187561
15.933333 33.291432 3.357777
15.966667 33.291432 3.551510
16.000000 33.291432 3.765132
16.033333 33.291432 3.911498
16.066667 33.291432 4.073846
16.100000 33.291432 4.241110
16.133333 33.291432 4.412730
16.166667 33.291432 4.588217
16.200000 33.291432 4.767145
16.233333 33.291432 4.949140
16.266667 33.291432 5.104942
16.300000 33.291432 5.236593
16.333333 33.291432 5.372282
16.366667 33.291432 5.508424
16.400000 33.291432 5.644986
16.433333 33.291432 5.781939
16.466667 33.291432 5.919254
16.500000 33.291432 6.056908
16.533333 33.291432 6.148325
16.566667 33.291432 6.243460
16.600000 33.291432 6.338598
16.633333 33.291432 6.433740
16.666667 33.291432 6.528884
16.700000 33.291432 6.624032
16.733333 33.291432 6.719183
16.766667 33.291432 6.786235
16.800000 33.291432 6.824361
14.800000 33.319295 8.155821
14.833333 33.319295 7.999256
14.866667 33.319295 7.844289
14.900000 33.319295 7.691019
14.933333 33.319295 7.539546
14.966667 33.319295 7.389986
15.000000 33.319295 7.242451
15.033333 33.319295 7.056389
15.066667 33.319295 6.858091
15.100000 33.319295 6.661648
15.133333 33.319295 6.467228
15.166667 33.319295 6.275020
15.200000 33.319295 6.085233
15.233333 33.319295 5.898101
15.266667 33.319295 5.691577
15.300000 33.319295 5.463486
15.333333 33.319295 5.236794
15.366667 33.319295 5.015793
15.400000 33.319295 4.801268
15.433333 33.319295 4.594127
15.466667 33.319295 4.395413
15.500000 33.319295 4.206321
15.533333 33.319295 3.995714
15.566667 33.319295 3.792671
15.600000 33.319295 3.609700
15.633333 33.319295 3.449995
15.666667 33.319295 3.316918
15.700000 33.319295 3.213779
15.733333 33.319295 3.143527
15.766667 33.319295 3.111094
15.800000 33.319295 3.120385
15.833333 33.319295 3.168350
15.866667 33.319295 3.250981
15.900000 33.319295 3.365727
15.933333 33.319295 3.509438
15.966667 33.319295 3.678722
16.000000 33.319295 3.870224
16.033333 33.319295 4.005138
16.066667 33.319295 4.158427
16.100000 33.319295 4.317737
16.133333 33.319295 4.482427
16.166667 33.319295 4.651925
16.200000 33.319295 4.825723
16.233333 33.319295 5.003376
16.266667 33.319295 5.155168
16.300000 33.319295 5.283326
16.333333 33.319295 5.416267
16.366667 33.319295 5.549835
16.400000 33.319295 5.683984
16.433333 33.319295 5.818675
16.466667 33.319295 5.953870
16.500000 33.319295 6.089539
16.533333 33.319295 6.179166
16.566667 33.319295 6.272216
16.600000 33.319295 6.365298
16.633333 33.319295 6.458411
16.666667 33.319295 6.551552
16.700000 33.319295 6.644722
16.733333 33.319295 6.737918
16.766667 33.319295 6.803363
16.800000 33.319295 6.840408
14.800000 33.347149 8.346380
14.833333 33.347149 8.197189
14.866667 33.347149 8.049681
14.900000 33.347149 7.903947
14.933333 33.347149 7.760089
14.966667 33.347149 7.618213
15.000000 33.347149 7.478431
15.033333 33.347149 7.298955
15.066667 33.347149 7.106588
15.100000 33.347149 6.916167
15.133333 33.347149 6.727857
15.166667 33.347149 6.541839
15.200000 33.347149 6.358316
15.233333 33.347149 6.177511
15.266667 33.347149 5.978426
15.300000 33.347149 5.758911
15.333333 33.347149 5.540833
15.366667 33.347149 5.328351
15.400000 33.347149 5.122161
15.433333 33.347149 4.923054
15.466667 33.347149 4.731924
15.500000 33.347149 4.549777
15.533333 33.347149 4.343221
15.566667 33.347149 4.141881
15.600000 33.347149 3.958763
15.633333 33.347149 3.796503
15.666667 33.347149 3.657879
15.700000 33.347149 3.545662
15.733333 33.347149 3.462423
15.766667 33.347149 3.412397
15.800000 33.347149 3.399704
15.833333 33.347149 3.422888
15.866667 33.347149 3.479588
15.900000 33.347149 3.568209
15.933333 33.347149 3.686450
15.966667 33.347149 3.831568
16.000000 33.347149 4.000642
16.033333 33.347149 4.123311
16.066667 33.347149 4.266557
16.100000 33.347149 4.416895
16.133333 33.347149 4.573626
16.166667 33.347149 4.736116
16.200000 33.347149 4.903792
16.233333 33.347149 5.076140
16.266667 33.347149 5.223194
16.300000 33.347149 5.347343
16.333333 33.347149 5.477029
16.366667 33.347149 5.607532
16.400000 33.347149 5.738794
16.433333 33.347149 5.870766
16.466667 33.347149 6.003400
16.500000 33.347149 6.136653
16.533333 33.347149 6.224006
16.566667 33.347149 6.314312
16.600000 33.347149 6.404702
16.633333 33.347149 6.495175
16.666667 33.347149 6.585726
16.700000 33.347149 6.676354
16.733333 33.347149 6.767054
16.766667 33.347149 6.830473
16.800000 33.347149 6.866182
14.800000 33.374994 8.540967
14.833333 33.374994 8.399136
14.866667 33.374994 8.259057
14.900000 33.374994 8.120818
14.933333 33.374994 7.984517
14.966667 33.374994 7.850253
15.000000 33.374994 7.718134
15.033333 33.374994 7.545170
15.066667 33.374994 7.358662
15.100000 33.374994 7.174171
15.133333 33.374994 6.991860
15.166667 33.374994 6.811903
15.200000 33.374994 6.634490
15.233333 33.374994 6.459833
15.266667 33.374994 6.267943
15.300000 33.374994 6.056700
15.333333 33.374994 5.846909
15.366667 33.374994 5.642586
15.400000 33.374994 5.444348
15.433333 33.374994 5.252884
15.466667 33.374994 5.068961
15.500000 33.374994 4.893428
15.533333 33.374994 4.690681
15.566667 33.374994 4.490990
15.600000 33.374994 4.307964
15.633333 33.374994 4.143814
15.666667 33.374994 4.000864
15.700000 33.374994 3.881456
15.733333 33.374994 3.787817
15.766667 33.374994 3.723216
15.800000 33.374994 3.691632
15.833333 33.374994 3.693039
15.866667 33.374994 3.726471
15.900000 33.374994 3.791084
15.933333 33.374994 3.885320
15.966667 33.374994 4.007091
16.000000 33.374994 4.153975
16.033333 33.374994 4.263952
16.066667 33.374994 4.396474
16.100000 33.374994 4.537083
16.133333 33.374994 4.685051
16.166667 33.374994 4.839703
16.200000 33.374994 5.000419
16.233333 33.374994 5.166632
16.266667 33.374994 5.308321
16.300000 33.374994 5.428015
16.333333 33.374994 5.554001
16.366667 33.374994 5.681003
16.400000 33.374994 5.808954
16.433333 33.374994 5.937792
16.466667 33.374994 6.067462
16.500000 33.374994 6.197910
16.533333 33.374994 6.282533
16.566667 33.374994 6.369468
16.600000 33.374994 6.456565
16.633333 33.374994 6.543818
16.666667 33.374994 6.631219
16.700000 33.374994 6.718764
16.733333 33.374994 6.806447
16.766667 33.374994 6.867435
16.800000 33.374994 6.901567
14.800000 33.402831 8.739305
14.833333 33.402831 8.604806
14.866667 33.402831 8.472114
14.900000 33.402831 8.341316
14.933333 33.402831 8.212502
14.966667 33.402831 8.085769
15.000000 33.402831 7.961213
15.033333 33.402831 7.794678
15.066667 33.402831 7.613945
15.100000 33.402831 7.435288
15.133333 33.402831 7.258860
15.166667 33.402831 7.084827
15.200000 33.402831 6.913371
15.233333 33.402831 6.744687
15.266667 33.402831 6.559762
15.300000 33.402831 6.356505
15.333333 33.402831 6.154701
15.366667 33.402831 5.958217
15.400000 33.402831 5.767596
15.433333 33.402831 5.583437
15.466667 33.402831 5.406404
15.500000 33.402831 5.237216
15.533333 33.402831 5.038083
15.566667 33.402831 4.839993
15.600000 33.402831 4.657246
15.633333 33.402831 4.491715
15.666667 33.402831 4.345366
15.700000 33.402831 4.220198
15.733333 33.402831 4.118142
15.766667 33.402831 4.041327
15.800000 33.402831 3.993373
15.833333 33.402831 3.975592
15.866667 33.402831 3.988209
15.900000 33.402831 4.030940
15.933333 33.402831 4.102843
15.966667 33.402831 4.202421
16.000000 33.402831 4.327765
16.033333 33.402831 4.424895
16.066667 33.402831 4.546289
16.100000 33.402831 4.676660
16.133333 33.402831 4.815278
16.166667 33.402831 4.961451
16.200000 33.402831 5.114533
16.233333 33.402831 5.273921
16.266667 33.402831 5.409724
16.300000 33.402831 5.524596
16.333333 33.402831 5.646503
16.366667 33.402831 5.769630
16.400000 33.402831 5.893899
16.433333 33.402831 6.019240
16.466667 33.402831 6.145588
16.500000 33.402831 6.272881
16.533333 33.402831 6.354354
16.566667 33.402831 6.437338
16.600000 33.402831 6.520577
16.633333 33.402831 6.604064
16.666667 33.402831 6.687788
16.700000 33.402831 6.771739
16.733333 33.402831 6.855911
16.766667 33.402831 6.914084
16.800000 33.402831 6.946404
14.800000 33.430658 8.941138
14.833333 33.430658 8.813930
14.866667 33.430658 8.688572
14.900000 33.430658 8.565150
14.933333 33.430658 8.443748
14.966667 33.430658 8.324454
15.000000 33.430658 8.207358
15.033333 33.430658 8.047163
15.066667 33.430658 7.872117
15.100000 33.430658 7.699188
15.133333 33.430658 7.528524
15.166667 33.430658 7.360281
15.200000 33.430658 7.194630
15.233333 33.430658 7.031754
15.266667 33.430658 6.853573
15.300000 33.430658 6.658040
15.333333 33.430658 6.463950
15.366667 33.430658 6.275015
15.400000 33.430658 6.091716
15.433333 33.430658 5.914575
15.466667 33.430658 5.744162
15.500000 33.430658 5.581095
15.533333 33.430658 5.385414
15.566667 33.430658 5.188890
15.600000 33.430658 5.006569
15.633333 33.430658 4.840054
15.666667 33.430658 4.691028
15.700000 33.430658 4.561206
15.733333 33.430658 4.452270
15.766667 33.430658 4.365108
15.800000 33.430658 4.302836
15.833333 33.430658 4.268058
15.866667 33.430658 4.262040
15.900000 33.430658 4.284902
15.933333 33.430658 4.336187
15.966667 33.430658 4.414907
16.000000 33.430658 4.519627
16.033333 33.430658 4.603990
16.066667 33.430658 4.714084
16.100000 33.430658 4.833925
16.133333 33.430658 4.962805
16.166667 33.430658 5.100041
16.200000 33.430658 5.244976
16.233333 33.430658 5.396989
16.266667 33.430658 5.526490
16.300000 33.430658 5.636253
16.333333 33.430658 5.753773
16.366667 33.430658 5.872712
16.400000 33.430658 5.992987
16.433333 33.430658 6.114519
16.466667 33.430658 6.237235
16.500000 33.430658 6.361065
16.533333 33.430658 6.439013
16.566667 33.430658 6.517512
16.600000 33.430658 6.596375
16.633333 33.430658 6.675589
16.666667 33.430658 6.755143
16.700000 33.430658 6.835023
16.733333 33.430658 6.915220
16.766667 33.430658 6.970215
16.800000 33.430658 7.000506
14.800000 33.458477 9.146227
14.833333 33.458477 9.026258
14.866667 33.458477 8.908177
14.900000 33.458477 8.792059
14.933333 33.458477 8.677985
14.966667 33.458477 8.566035
15.000000 33.458477 8.456293
15.033333 33.458477 8.302341
15.066667 33.458477 8.132889
15.100000 33.458477 7.965584
15.133333 33.458477 7.800565
15.166667 33.458477 7.637980
15.200000 33.458477 7.477988
15.233333 33.458477 7.320758
15.266667 33.458477 7.149117
15.300000 33.458477 6.961064
15.333333 33.458477 6.774440
15.366667 33.458477 6.592798
15.400000 33.458477 6.416561
15.433333 33.458477 6.246186
15.466667 33.458477 6.082165
15.500000 33.458477 5.925027
15.533333 33.458477 5.732666
15.566667 33.458477 5.537681
15.600000 33.458477 5.355902
15.633333 33.458477 5.188719
15.666667 33.458477 5.037584
15.700000 33.458477 4.903983
15.733333 33.458477 4.789380
15.766667 33.458477 4.693359
15.800000 33.458477 4.618443
15.833333 33.458477 4.568507
15.866667 33.458477 4.545752
15.900000 33.458477 4.550582
15.933333 33.458477 4.582914
15.966667 33.458477 4.642169
16.000000 33.458477 4.727339
16.033333 33.458477 4.799181
16.066667 33.458477 4.897990
16.100000 33.458477 5.007191
16.133333 33.458477 5.126122
16.166667 33.458477 5.254122
16.200000 33.458477 5.390544
16.233333 33.458477 5.534767
16.266667 33.458477 5.657652
16.300000 33.458477 5.762094
16.333333 33.458477 5.874984
16.366667 33.458477 5.989488
16.400000 33.458477 6.105515
16.433333 33.458477 6.222981
16.466667 33.458477 6.341805
16.500000 33.458477 6.461912
16.533333 33.458477 6.535998
16.566667 33.458477 6.609529
16.600000 33.458477 6.683544
16.633333 33.458477 6.758024
16.666667 33.458477 6.832955
16.700000 33.458477 6.908323
16.733333 33.458477 6.984113
16.766667 33.458477 7.035592
16.800000 33.458477 7.063647
14.800000 33.486286 9.354350
14.833333 33.486286 9.241564
14.866667 33.486286 9.130692
14.900000 33.486286 9.021802
14.933333 33.486286 8.914968
14.966667 33.486286 8.810265
15.000000 33.486286 8.707768
15.033333 33.486286 8.559965
15.066667 33.486286 8.396010
15.100000 33.486286 8.234223
15.133333 33.486286 8.074732
15.166667 33.486286 7.917676
15.200000 33.486286 7.763202
15.233333 33.486286 7.611469
15.266667 33.486286 7.446176
15.300000 33.486286 7.265379
15.333333 33.486286 7.085995
15.366667 33.486286 6.911414
15.400000 33.486286 6.742009
15.433333 33.486286 6.578182
15.466667 33.486286 6.420357
15.500000 33.486286 6.268989
15.533333 33.486286 6.079836
15.566667 33.486286 5.886363
15.600000 33.486286 5.705224
15.633333 33.486286 5.537628
15.666667 33.486286 5.384841
15.700000 33.486286 5.248158
15.733333 33.486286 5.128862
15.766667 33.486286 5.025180
15.800000 33.486286 4.938992
15.833333 33.486286 4.875441
15.866667 33.486286 4.837583
15.900000 33.486286 4.826024
15.933333 33.486286 4.840952
15.966667 33.486286 4.882123
16.000000 33.486286 4.948884
16.033333 33.486286 5.008568
16.066667 33.486286 5.096241
16.100000 33.486286 5.194839
16.133333 33.486286 5.303751
16.166667 33.486286 5.422355
16.200000 33.486286 5.550031
16.233333 33.486286 5.686167
16.266667 33.486286 5.802219
16.300000 33.486286 5.901195
16.333333 33.486286 6.009278
16.366667 33.486286 6.119158
16.400000 33.486286 6.230740
16.433333 33.486286 6.343934
16.466667 33.486286 6.458654
16.500000 33.486286 6.574822
16.533333 33.486286 6.644756
16.566667 33.486286 6.712892
16.600000 33.486286 6.781634
16.633333 33.486286 6.850963
16.666667 33.486286 6.920861
16.700000 33.486286 6.991313
16.733333 33.486286 7.062300
16.766667 33.486286 7.109950
16.800000 33.486286 7.135581
14.800000 33.514087 9.527507
14.833333 33.514087 9.420963
14.866667 33.514087 9.316346
14.900000 33.514087 9.213722
14.933333 33.514087 9.113158
14.966667 33.514087 9.014725
15.000000 33.514087 8.918490
15.033333 33.514087 8.777722
15.066667 33.514087 8.621274
15.100000 33.514087 8.467039
15.133333 33.514087 8.315141
15.166667 33.514087 8.165710
15.200000 33.514087 8.018886
15.233333 33.514087 7.874810
15.266667 33.514087 7.716691
15.300000 33.514087 7.541848
15.333333 33.514087 7.367611
15.366667 33.514087 7.198003
15.400000 33.514087 7.033359
15.433333 33.514087 6.874035
15.466667 33.514087 6.720410
15.500000 33.514087 6.572885
15.533333 33.514087 6.388587
15.566667 33.514087 6.200441
15.600000 33.514087 6.023838
15.633333 33.514087 5.859819
15.666667 33.514087 5.709473
15.700000 33.514087 5.573903
15.733333 33.514087 5.454211
15.766667 33.514087 5.346888
15.800000 33.514087 5.252859
15.833333 33.514087 5.178824
15.866667 33.514087 5.128881
15.900000 33.514087 5.103737
15.933333 33.514087 5.103758
15.966667 33.514087 5.128945
16.000000 33.514087 5.178930
16.033333 33.514087 5.226511
16.066667 33.514087 5.301786
16.100000 33.514087 5.388337
16.133333 33.514087 5.485626
16.166667 33.514087 5.593096
16.200000 33.514087 5.710171
16.233333 33.514087 5.836272
16.266667 33.514087 5.943856
16.300000 33.514087 6.035646
16.333333 33.514087 6.136778
16.366667 33.514087 6.239977
16.400000 33.514087 6.345141
16.433333 33.514087 6.452174
16.466667 33.514087 6.560984
16.500000 33.514087 6.671485
16.533333 33.514087 6.736849
16.566667 33.514087 6.800782
16.600000 33.514087 6.865408
16.633333 33.514087 6.930707
16.666667 33.514087 6.996662
16.700000 33.514087 7.063253
16.733333 33.514087 7.130463
16.766667 33.514087 7.175146
16.800000 33.514087 7.198570
14.800000 33.541878 9.656172
14.833333 33.541878 9.554787
14.866667 33.541878 9.455350
14.900000 33.541878 9.357923
14.933333 33.541878 9.262569
14.966667 33.541878 9.169355
15.000000 33.541878 9.078344
15.033333 33.541878 8.946256
15.066667 33.541878 8.800041
15.100000 33.541878 8.656106
15.133333 33.541878 8.514567
15.166667 33.541878 8.375545
15.200000 33.541878 8.239165
15.233333 33.541878 8.105564
15.266667 33.541878 7.955610
15.300000 33.541878 7.785144
15.333333 33.541878 7.613735
15.366667 33.541878 7.446839
15.400000 33.541878 7.284765
15.433333 33.541878 7.127845
15.466667 33.541878 6.976423
15.500000 33.541878 6.830867
15.533333 33.541878 6.654554
15.566667 33.541878 6.476827
15.600000 33.541878 6.309768
15.633333 33.541878 6.154243
15.666667 33.541878 6.011148
15.700000 33.541878 5.881392
15.733333 33.541878 5.765875
15.766667 33.541878 5.658930
15.800000 33.541878 5.560251
15.833333 33.541878 5.478436
15.866667 33.541878 5.418815
15.900000 33.541878 5.382126
15.933333 33.541878 5.368839
15.966667 33.541878 5.379128
16.000000 33.541878 5.412858
16.033333 33.541878 5.447475
16.066667 33.541878 5.508065
16.100000 33.541878 5.580008
16.133333 33.541878 5.662872
16.166667 33.541878 5.756185
16.200000 33.541878 5.859448
16.233333 33.541878 5.972145
16.266667 33.541878 6.068739
16.300000 33.541878 6.151291
16.333333 33.541878 6.242992
16.366667 33.541878 6.337148
16.400000 33.541878 6.433650
16.433333 33.541878 6.532396
16.466667 33.541878 6.633286
16.500000 33.541878 6.736221
16.533333 33.541878 6.796386
16.566667 33.541878 6.857296
16.600000 33.541878 6.918952
16.633333 33.541878 6.981334
16.666667 33.541878 7.044423
16.700000 33.541878 7.108200
16.733333 33.541878 7.172646
16.766667 33.541878 7.215452
16.800000 33.541878 7.237297
14.800000 33.569661 9.777196
14.833333 33.569661 9.680771
14.866667 33.569661 9.586323
14.900000 33.569661 9.493909
14.933333 33.569661 9.403589
14.966667 33.569661 9.315426
15.000000 33.569661 9.229480
15.033333 33.569661 9.106733
15.066667 33.569661 8.971428
15.100000 33.569661 8.838448
15.133333 33.569661 8.707897
15.166667 33.569661 8.579890
15.200000 33.569661 8.454539
15.233333 33.569661 8.331966
15.266667 33.569661 8.190216
15.300000 33.569661 8.023670
15.333333 33.569661 7.854650
15.366667 33.569661 7.690074
15.400000 33.569661 7.530233
15.433333 33.569661 7.375436
15.466667 33.569661 7.226007
15.500000 33.569661 7.082284
15.533333 33.569661 6.915268
15.566667 33.569661 6.749214
15.600000 33.569661 6.592894
15.633333 33.569661 6.447015
15.666667 33.569661 6.312304
15.700000 33.569661 6.189487
15.733333 33.569661 6.079287
15.766667 33.569661 5.973788
15.800000 33.569661 5.871442
15.833333 33.569661 5.782838
15.866667 33.569661 5.714508
15.900000 33.569661 5.667186
15.933333 33.569661 5.641400
15.966667 33.569661 5.637447
16.000000 33.569661 5.655372
16.033333 33.569661 5.676870
16.066667 33.569661 5.722294
16.100000 33.569661 5.778946
16.133333 33.569661 5.846501
16.166667 33.569661 5.924585
16.200000 33.569661 6.012788
16.233333 33.569661 6.110672
16.266667 33.569661 6.195242
16.300000 33.569661 6.267921
16.333333 33.569661 6.349476
16.366667 33.569661 6.433895
16.400000 33.569661 6.521066
16.433333 33.569661 6.610879
16.466667 33.569661 6.703230
16.500000 33.569661 6.798013
16.533333 33.569661 6.852496
16.566667 33.569661 6.910104
16.600000 33.569661 6.968509
16.633333 33.569661 7.027693
16.666667 33.569661 7.087635
16.700000 33.569661 7.148318
16.733333 33.569661 7.209722
16.766667 33.569661 7.250610
16.800000 33.569661 7.271013
14.800000 33.597435 9.899585
14.833333 33.597435 9.808107
14.866667 33.597435 9.718630
14.900000 33.597435 9.631207
14.933333 33.597435 9.545896
14.966667 33.597435 9.462753
15.000000 33.597435 9.381838
15.033333 33.597435 9.268376
15.066667 33.597435 9.143959
15.100000 33.597435 9.021903
15.133333 33.597435 8.902304
15.166667 33.597435 8.785262
15.200000 33.597435 8.670881
15.233333 33.597435 8.559267
15.266667 33.597435 8.425653
15.300000 33.597435 8.262949
15.333333 33.597435 8.096220
15.366667 33.597435 7.933864
15.400000 33.597435 7.776155
15.433333 33.597435 7.623383
15.466667 33.597435 7.475848
15.500000 33.597435 7.333869
15.533333 33.597435 7.175990
15.566667 33.597435 7.021524
15.600000 33.597435 6.875941
15.633333 33.597435 6.739817
15.666667 33.597435 6.613737
15.700000 33.597435 6.498284
15.733333 33.597435 6.394034
15.766667 33.597435 6.290792
15.800000 33.597435 6.185751
15.833333 33.597435 6.091547
15.866667 33.597435 6.015898
15.900000 33.597435 5.959515
15.933333 33.597435 5.922944
15.966667 33.597435 5.906557
16.000000 33.597435 5.910518
16.033333 33.597435 5.919978
16.066667 33.597435 5.951126
16.100000 33.597435 5.993271
16.133333 33.597435 6.046186
16.166667 33.597435 6.109589
16.200000 33.597435 6.183159
16.233333 33.597435 6.266536
16.266667 33.597435 6.339019
16.300000 33.597435 6.401353
16.333333 33.597435 6.472163
16.366667 33.597435 6.546223
16.400000 33.597435 6.623423
16.433333 33.597435 6.703654
16.466667 33.597435 6.786810
16.500000 33.597435 6.872783
16.533333 33.597435 6.921337
16.566667 33.597435 6.975578
16.600000 33.597435 7.030664
16.633333 33.597435 7.086578
16.666667 33.597435 7.143299
16.700000 33.597435 7.200807
16.733333 33.597435 7.259085
16.766667 33.597435 7.297867
16.800000 33.597435 7.316473
