Longitude Latitude Speed
20.000000 36.006138 10.329357
20.033333 36.006138 10.371030
20.066667 36.006138 10.407953
20.100000 36.006138 10.444993
20.133333 36.006138 10.482147
20.166667 36.006138 10.519416
20.200000 36.006138 10.556798
20.233333 36.006138 10.594293
20.266667 36.006138 10.631669
20.300000 36.006138 10.669440
20.333333 36.006138 10.707878
20.366667 36.006138 10.746594
20.400000 36.006138 10.785588
20.433333 36.006138 10.824855
20.466667 36.006138 10.864392
20.500000 36.006138 10.904199
20.533333 36.006138 10.931437
20.566667 36.006138 10.945965
20.600000 36.006138 10.960700
20.633333 36.006138 10.975642
20.666667 36.006138 10.990792
20.700000 36.006138 11.006146
20.733333 36.006138 11.021708
20.766667 36.006138 11.032592
20.800000 36.006138 11.033983
20.833333 36.006138 11.030850
20.866667 36.006138 11.028281
20.900000 36.006138 11.026270
20.933333 36.006138 11.024823
20.966667 36.006138 11.023937
21.000000 36.006138 11.023613
21.033333 36.006138 11.024391
21.066667 36.006138 11.025520
21.100000 36.006138 11.027421
21.133333 36.006138 11.030090
21.166667 36.006138 11.033529
21.200000 36.006138 11.037735
21.233333 36.006138 11.042708
21.266667 36.006138 11.041600
21.300000 36.006138 11.029119
21.333333 36.006138 11.012029
21.366667 36.006138 10.995340
21.400000 36.006138 10.979055
21.433333 36.006138 10.963180
21.466667 36.006138 10.947710
21.500000 36.006138 10.932650
20.000000 36.033103 10.388728
20.033333 36.033103 10.431807
20.066667 36.033103 10.469650
20.100000 36.033103 10.507627
20.133333 36.033103 10.545737
20.166667 36.033103 10.583977
20.200000 36.033103 10.622347
20.233333 36.033103 10.660845
20.266667 36.033103 10.698834
20.300000 36.033103 10.736465
20.333333 36.033103 10.774405
20.366667 36.033103 10.812638
20.400000 36.033103 10.851159
20.433333 36.033103 10.889963
20.466667 36.033103 10.929049
20.500000 36.033103 10.968413
20.533333 36.033103 10.995554
20.566667 36.033103 11.010379
20.600000 36.033103 11.025447
20.633333 36.033103 11.040755
20.666667 36.033103 11.056307
20.700000 36.033103 11.072095
20.733333 36.033103 11.088124
20.766667 36.033103 11.099236
20.800000 36.033103 11.100421
20.833333 36.033103 11.096928
20.866667 36.033103 11.094034
20.900000 36.033103 11.091745
20.933333 36.033103 11.090058
20.966667 36.033103 11.088975
21.000000 36.033103 11.088495
21.033333 36.033103 11.089264
21.066667 36.033103 11.090612
21.100000 36.033103 11.092767
21.133333 36.033103 11.095724
21.166667 36.033103 11.099487
21.200000 36.033103 11.104054
21.233333 36.033103 11.109422
21.266667 36.033103 11.108350
21.300000 36.033103 11.095037
21.333333 36.033103 11.076649
21.366667 36.033103 11.058712
21.400000 36.033103 11.041229
21.433333 36.033103 11.024202
21.466667 36.033103 11.007633
21.500000 36.033103 10.991524
20.000000 36.060059 10.450272
20.033333 36.060059 10.494586
20.066667 36.060059 10.533191
20.100000 36.060059 10.571955
20.133333 36.060059 10.610875
20.166667 36.060059 10.649949
20.200000 36.060059 10.689177
20.233333 36.060059 10.728557
20.266667 36.060059 10.767115
20.300000 36.060059 10.804620
20.333333 36.060059 10.842077
20.366667 36.060059 10.879826
20.400000 36.060059 10.917864
20.433333 36.060059 10.956188
20.466667 36.060059 10.994794
20.500000 36.060059 11.033682
20.533333 36.060059 11.060528
20.566667 36.060059 11.075484
20.600000 36.060059 11.090742
20.633333 36.060059 11.106304
20.666667 36.060059 11.122167
20.700000 36.060059 11.138325
20.733333 36.060059 11.154783
20.766667 36.060059 11.166113
20.800000 36.060059 11.167088
20.833333 36.060059 11.163218
20.866667 36.060059 11.159982
20.900000 36.060059 11.157382
20.933333 36.060059 11.155420
20.966667 36.060059 11.154095
21.000000 36.060059 11.153405
21.033333 36.060059 11.154058
21.066667 36.060059 11.155492
21.100000 36.060059 11.157743
21.133333 36.060059 11.160811
21.166667 36.060059 11.164698
21.200000 36.060059 11.169400
21.233333 36.060059 11.174916
21.266667 36.060059 11.173855
21.300000 36.060059 11.159954
21.333333 36.060059 11.140544
21.366667 36.060059 11.121670
21.400000 36.060059 11.103333
21.433333 36.060059 11.085537
21.466667 36.060059 11.068284
21.500000 36.060059 11.051578
20.000000 36.087006 10.512955
20.033333 36.087006 10.558441
20.066667 36.087006 10.597748
20.100000 36.087006 10.637239
20.133333 36.087006 10.676913
20.166667 36.087006 10.716768
20.200000 36.087006 10.756803
20.233333 36.087006 10.797012
20.266667 36.087006 10.836116
20.300000 36.087006 10.873502
20.333333 36.087006 10.910477
20.366667 36.087006 10.947746
20.400000 36.087006 10.985305
20.433333 36.087006 11.023151
20.466667 36.087006 11.061282
20.500000 36.087006 11.099692
20.533333 36.087006 11.126151
20.566667 36.087006 11.141152
20.600000 36.087006 11.156521
20.633333 36.087006 11.172258
20.666667 36.087006 11.188362
20.700000 36.087006 11.204828
20.733333 36.087006 11.221660
20.766667 36.087006 11.233172
20.800000 36.087006 11.233919
20.833333 36.087006 11.229657
20.866667 36.087006 11.226064
20.900000 36.087006 11.223141
20.933333 36.087006 11.220888
20.966667 36.087006 11.219308
21.000000 36.087006 11.218398
21.033333 36.087006 11.218928
21.066667 36.087006 11.220446
21.100000 36.087006 11.222792
21.133333 36.087006 11.225969
21.166667 36.087006 11.229976
21.200000 36.087006 11.234810
21.233333 36.087006 11.240473
21.266667 36.087006 11.239407
21.300000 36.087006 11.224889
21.333333 36.087006 11.204439
21.366667 36.087006 11.184612
21.400000 36.087006 11.165415
21.433333 36.087006 11.146852
21.466667 36.087006 11.128922
21.500000 36.087006 11.111629
20.000000 36.113943 10.576756
20.033333 36.113943 10.623352
20.066667 36.113943 10.663301
20.100000 36.113943 10.703464
20.133333 36.113943 10.743836
20.166667 36.113943 10.784417
20.200000 36.113943 10.825205
20.233333 36.113943 10.866197
20.266667 36.113943 10.905823
20.300000 36.113943 10.943091
20.333333 36.113943 10.979589
20.366667 36.113943 11.016382
20.400000 36.113943 11.053467
20.433333 36.113943 11.090838
20.466667 36.113943 11.128496
20.500000 36.113943 11.166437
20.533333 36.113943 11.192415
20.566667 36.113943 11.207372
20.600000 36.113943 11.222772
20.633333 36.113943 11.238610
20.666667 36.113943 11.254888
20.700000 36.113943 11.271602
20.733333 36.113943 11.288747
20.766667 36.113943 11.300410
20.800000 36.113943 11.300913
20.833333 36.113943 11.296243
20.866667 36.113943 11.292277
20.900000 36.113943 11.289017
20.933333 36.113943 11.286461
20.966667 36.113943 11.284611
21.000000 36.113943 11.283467
21.033333 36.113943 11.283875
21.066667 36.113943 11.285472
21.100000 36.113943 11.287911
21.133333 36.113943 11.291195
21.166667 36.113943 11.295320
21.200000 36.113943 11.300284
21.233333 36.113943 11.306090
21.266667 36.113943 11.305002
21.300000 36.113943 11.289845
21.333333 36.113943 11.268332
21.366667 36.113943 11.247542
21.400000 36.113943 11.227479
21.433333 36.113943 11.208144
21.466667 36.113943 11.189545
21.500000 36.113943 11.171683
20.000000 36.140872 10.641655
20.033333 36.140872 10.689299
20.066667 36.140872 10.729832
20.100000 36.140872 10.770607
20.133333 36.140872 10.811625
20.166667 36.140872 10.852880
20.200000 36.140872 10.894372
20.233333 36.140872 10.936094
20.266667 36.140872 10.976221
20.300000 36.140872 11.013376
20.333333 36.140872 11.049400
20.366667 36.140872 11.085722
20.400000 36.140872 11.122335
20.433333 36.140872 11.159236
20.466667 36.140872 11.196425
20.500000 36.140872 11.233898
20.533333 36.140872 11.259303
20.566667 36.140872 11.274134
20.600000 36.140872 11.289485
20.633333 36.140872 11.305353
20.666667 36.140872 11.321739
20.700000 36.140872 11.338636
20.733333 36.140872 11.356044
20.766667 36.140872 11.367823
20.800000 36.140872 11.368066
20.833333 36.140872 11.362974
20.866667 36.140872 11.358620
20.900000 36.140872 11.355007
20.933333 36.140872 11.352135
20.966667 36.140872 11.350004
21.000000 36.140872 11.348615
21.033333 36.140872 11.348897
21.066667 36.140872 11.350571
21.100000 36.140872 11.353102
21.133333 36.140872 11.356486
21.166667 36.140872 11.360726
21.200000 36.140872 11.365819
21.233333 36.140872 11.371765
21.266667 36.140872 11.370642
21.300000 36.140872 11.354817
21.333333 36.140872 11.332225
21.366667 36.140872 11.310459
21.400000 36.140872 11.289521
21.433333 36.140872 11.269418
21.466667 36.140872 11.250154
21.500000 36.140872 11.231734
20.000000 36.167790 10.707630
20.033333 36.167790 10.756259
20.066667 36.167790 10.797318
20.100000 36.167790 10.838655
20.133333 36.167790 10.880261
20.166667 36.167790 10.922140
20.200000 36.167790 10.964284
20.233333 36.167790 11.006692
20.266667 36.167790 11.047296
20.300000 36.167790 11.084341
20.333333 36.167790 11.119896
20.366667 36.167790 11.155749
20.400000 36.167790 11.191894
20.433333 36.167790 11.228330
20.466667 36.167790 11.265053
20.500000 36.167790 11.302060
20.533333 36.167790 11.326806
20.566667 36.167790 11.341427
20.600000 36.167790 11.356652
20.633333 36.167790 11.372479
20.666667 36.167790 11.388906
20.700000 36.167790 11.405929
20.733333 36.167790 11.423546
20.766667 36.167790 11.435406
20.800000 36.167790 11.435374
20.833333 36.167790 11.429844
20.866667 36.167790 11.425090
20.900000 36.167790 11.421109
20.933333 36.167790 11.417908
20.966667 36.167790 11.415483
21.000000 36.167790 11.413837
21.033333 36.167790 11.413990
21.066667 36.167790 11.415740
21.100000 36.167790 11.418358
21.133333 36.167790 11.421843
21.166667 36.167790 11.426196
21.200000 36.167790 11.431415
21.233333 36.167790 11.437500
21.266667 36.167790 11.436323
21.300000 36.167790 11.419807
21.333333 36.167790 11.396117
21.366667 36.167790 11.373360
21.400000 36.167790 11.351542
21.433333 36.167790 11.330672
21.466667 36.167790 11.310750
21.500000 36.167790 11.291784
20.000000 36.194700 10.774660
20.033333 36.194700 10.824213
20.066667 36.194700 10.865744
20.100000 36.194700 10.907583
20.133333 36.194700 10.949731
20.166667 36.194700 10.992180
20.200000 36.194700 11.034928
20.233333 36.194700 11.077973
20.266667 36.194700 11.119034
20.300000 36.194700 11.155972
20.333333 36.194700 11.191063
20.366667 36.194700 11.226450
20.400000 36.194700 11.262132
20.433333 36.194700 11.298104
20.466667 36.194700 11.334366
20.500000 36.194700 11.370913
20.533333 36.194700 11.394910
20.566667 36.194700 11.409240
20.600000 36.194700 11.424263
20.633333 36.194700 11.439980
20.666667 36.194700 11.456385
20.700000 36.194700 11.473473
20.733333 36.194700 11.491246
20.766667 36.194700 11.503156
20.800000 36.194700 11.502833
20.833333 36.194700 11.496852
20.866667 36.194700 11.491681
20.900000 36.194700 11.487323
20.933333 36.194700 11.483778
20.966667 36.194700 11.481049
21.000000 36.194700 11.479134
21.033333 36.194700 11.479155
21.066667 36.194700 11.480977
21.100000 36.194700 11.483680
21.133333 36.194700 11.487263
21.166667 36.194700 11.491727
21.200000 36.194700 11.497069
21.233333 36.194700 11.503289
21.266667 36.194700 11.502044
21.300000 36.194700 11.484815
21.333333 36.194700 11.460006
21.366667 36.194700 11.436249
21.400000 36.194700 11.413545
21.433333 36.194700 11.391905
21.466667 36.194700 11.371331
21.500000 36.194700 11.351834
20.000000 36.221601 10.842722
20.033333 36.221601 10.893143
20.066667 36.221601 10.935087
20.100000 36.221601 10.977379
20.133333 36.221601 11.020013
20.166667 36.221601 11.062984
20.200000 36.221601 11.106290
20.233333 36.221601 11.149926
20.266667 36.221601 11.191421
20.300000 36.221601 11.228255
20.333333 36.221601 11.262884
20.366667 36.221601 11.297812
20.400000 36.221601 11.333035
20.433333 36.221601 11.368547
20.466667 36.221601 11.404351
20.500000 36.221601 11.440441
20.533333 36.221601 11.463605
20.566667 36.221601 11.477564
20.600000 36.221601 11.492312
20.633333 36.221601 11.507848
20.666667 36.221601 11.524167
20.700000 36.221601 11.541266
20.733333 36.221601 11.559141
20.766667 36.221601 11.571071
20.800000 36.221601 11.570442
20.833333 36.221601 11.563993
20.866667 36.221601 11.558393
20.900000 36.221601 11.553643
20.933333 36.221601 11.549744
20.966667 36.221601 11.546697
21.000000 36.221601 11.544501
21.033333 36.221601 11.544390
21.066667 36.221601 11.546280
21.100000 36.221601 11.549067
21.133333 36.221601 11.552745
21.166667 36.221601 11.557317
21.200000 36.221601 11.562779
21.233333 36.221601 11.569135
21.266667 36.221601 11.567805
21.300000 36.221601 11.549837
21.333333 36.221601 11.523893
21.366667 36.221601 11.499121
21.400000 36.221601 11.475526
21.433333 36.221601 11.453116
21.466667 36.221601 11.431899
21.500000 36.221601 11.411880
20.000000 36.248492 10.911798
20.033333 36.248492 10.963025
20.066667 36.248492 11.005331
20.100000 36.248492 11.048021
20.133333 36.248492 11.091092
20.166667 36.248492 11.134537
20.200000 36.248492 11.178352
20.233333 36.248492 11.222534
20.266667 36.248492 11.264442
20.300000 36.248492 11.301177
20.333333 36.248492 11.335350
20.366667 36.248492 11.369821
20.400000 36.248492 11.404587
20.433333 36.248492 11.439646
20.466667 36.248492 11.474994
20.500000 36.248492 11.510631
20.533333 36.248492 11.532880
20.566667 36.248492 11.546389
20.600000 36.248492 11.560788
20.633333 36.248492 11.576077
20.666667 36.248492 11.592248
20.700000 36.248492 11.609300
20.733333 36.248492 11.627228
20.766667 36.248492 11.639146
20.800000 36.248492 11.638196
20.833333 36.248492 11.631268
20.866667 36.248492 11.625223
20.900000 36.248492 11.620069
20.933333 36.248492 11.615803
20.966667 36.248492 11.612425
21.000000 36.248492 11.609939
21.033333 36.248492 11.609690
21.066667 36.248492 11.611650
21.100000 36.248492 11.614514
21.133333 36.248492 11.618286
21.166667 36.248492 11.622965
21.200000 36.248492 11.628547
21.233333 36.248492 11.635033
21.266667 36.248492 11.633605
21.300000 36.248492 11.614874
21.333333 36.248492 11.587778
21.366667 36.248492 11.561980
21.400000 36.248492 11.537487
21.433333 36.248492 11.514309
21.466667 36.248492 11.492453
21.500000 36.248492 11.471926
20.000000 36.275374 10.971844
20.033333 36.275374 11.022706
20.066667 36.275374 11.064554
20.100000 36.275374 11.106817
20.133333 36.275374 11.149492
20.166667 36.275374 11.192574
20.200000 36.275374 11.236056
20.233333 36.275374 11.279937
20.266667 36.275374 11.321783
20.300000 36.275374 11.358924
20.333333 36.275374 11.393770
20.366667 36.275374 11.428947
20.400000 36.275374 11.464457
20.433333 36.275374 11.500291
20.466667 36.275374 11.536447
20.500000 36.275374 11.572924
20.533333 36.275374 11.594961
20.566667 36.275374 11.607562
20.600000 36.275374 11.621108
20.633333 36.275374 11.635594
20.666667 36.275374 11.651019
20.700000 36.275374 11.667377
20.733333 36.275374 11.684665
20.766667 36.275374 11.696372
20.800000 36.275374 11.696051
20.833333 36.275374 11.690210
20.866667 36.275374 11.685326
20.900000 36.275374 11.681395
20.933333 36.275374 11.678423
20.966667 36.275374 11.676409
21.000000 36.275374 11.675350
21.033333 36.275374 11.675423
21.066667 36.275374 11.676666
21.100000 36.275374 11.678837
21.133333 36.275374 11.681933
21.166667 36.275374 11.685954
21.200000 36.275374 11.690901
21.233333 36.275374 11.696769
21.266667 36.275374 11.694918
21.300000 36.275374 11.676070
21.333333 36.275374 11.649004
21.366667 36.275374 11.623300
21.400000 36.275374 11.598964
21.433333 36.275374 11.576008
21.466667 36.275374 11.554440
21.500000 36.275374 11.534266
20.000000 36.302247 11.034099
20.033333 36.302247 11.084531
20.066667 36.302247 11.125872
20.100000 36.302247 11.167653
20.133333 36.302247 11.209874
20.166667 36.302247 11.252526
20.200000 36.302247 11.295608
20.233333 36.302247 11.339111
20.266667 36.302247 11.380569
20.300000 36.302247 11.417615
20.333333 36.302247 11.452705
20.366667 36.302247 11.488199
20.400000 36.302247 11.524096
20.433333 36.302247 11.560389
20.466667 36.302247 11.597073
20.500000 36.302247 11.634149
20.533333 36.302247 11.656360
20.566667 36.302247 11.668315
20.600000 36.302247 11.681212
20.633333 36.302247 11.695051
20.666667 36.302247 11.709830
20.700000 36.302247 11.725540
20.733333 36.302247 11.742181
20.766667 36.302247 11.753568
20.800000 36.302247 11.753753
20.833333 36.302247 11.748952
20.866667 36.302247 11.745211
20.900000 36.302247 11.742529
20.933333 36.302247 11.740907
20.966667 36.302247 11.740345
21.000000 36.302247 11.740847
21.033333 36.302247 11.741282
21.066667 36.302247 11.741786
21.100000 36.302247 11.743242
21.133333 36.302247 11.745650
21.166667 36.302247 11.749008
21.200000 36.302247 11.753316
21.233333 36.302247 11.758573
21.266667 36.302247 11.756164
21.300000 36.302247 11.736908
21.333333 36.302247 11.709546
21.366667 36.302247 11.683545
21.400000 36.302247 11.658911
21.433333 36.302247 11.635652
21.466667 36.302247 11.613778
21.500000 36.302247 11.593295
20.000000 36.329110 11.097800
20.033333 36.329110 11.147766
20.066667 36.329110 11.188566
20.100000 36.329110 11.229834
20.133333 36.329110 11.271565
20.166667 36.329110 11.313756
20.200000 36.329110 11.356400
20.233333 36.329110 11.399493
20.266667 36.329110 11.440474
20.300000 36.329110 11.477282
20.333333 36.329110 11.512481
20.366667 36.329110 11.548166
20.400000 36.329110 11.584334
20.433333 36.329110 11.620978
20.466667 36.329110 11.658094
20.500000 36.329110 11.695679
20.533333 36.329110 11.718088
20.566667 36.329110 11.729420
20.600000 36.329110 11.741691
20.633333 36.329110 11.754902
20.666667 36.329110 11.769047
20.700000 36.329110 11.784122
20.733333 36.329110 11.800126
20.766667 36.329110 11.811153
20.800000 36.329110 11.811778
20.833333 36.329110 11.807956
20.866667 36.329110 11.805305
20.900000 36.329110 11.803823
20.933333 36.329110 11.803512
20.966667 36.329110 11.804369
21.000000 36.329110 11.806397
21.033333 36.329110 11.807192
21.066667 36.329110 11.806955
21.100000 36.329110 11.807693
21.133333 36.329110 11.809411
21.166667 36.329110 11.812104
21.200000 36.329110 11.815772
21.233333 36.329110 11.820415
21.266667 36.329110 11.817439
21.300000 36.329110 11.797758
21.333333 36.329110 11.770082
21.366667 36.329110 11.743760
21.400000 36.329110 11.718797
21.433333 36.329110 11.695204
21.466667 36.329110 11.672989
21.500000 36.329110 11.652159
20.000000 36.355964 11.162833
20.033333 36.355964 11.212295
20.066667 36.355964 11.252518
20.100000 36.355964 11.293235
20.133333 36.355964 11.334445
20.166667 36.355964 11.376139
20.200000 36.355964 11.418315
20.233333 36.355964 11.460963
20.266667 36.355964 11.501390
20.300000 36.355964 11.537847
20.333333 36.355964 11.573049
20.366667 36.355964 11.608826
20.400000 36.355964 11.645170
20.433333 36.355964 11.682080
20.466667 36.355964 11.719545
20.500000 36.355964 11.757566
20.533333 36.355964 11.780177
20.566667 36.355964 11.790893
20.600000 36.355964 11.802545
20.633333 36.355964 11.815131
20.666667 36.355964 11.828648
20.700000 36.355964 11.843095
20.733333 36.355964 11.858466
20.766667 36.355964 11.869107
20.800000 36.355964 11.870112
20.833333 36.355964 11.867214
20.866667 36.355964 11.865602
20.900000 36.355964 11.865274
20.933333 36.355964 11.866233
20.966667 36.355964 11.868477
21.000000 36.355964 11.872005
21.033333 36.355964 11.873153
21.066667 36.355964 11.872167
21.100000 36.355964 11.872186
21.133333 36.355964 11.873207
21.166667 36.355964 11.875229
21.200000 36.355964 11.878253
21.233333 36.355964 11.882279
21.266667 36.355964 11.878735
21.300000 36.355964 11.858630
21.333333 36.355964 11.830643
21.366667 36.355964 11.804001
21.400000 36.355964 11.778714
21.433333 36.355964 11.754789
21.466667 36.355964 11.732235
21.500000 36.355964 11.711060
20.000000 36.382809 11.229171
20.033333 36.382809 11.278093
20.066667 36.382809 11.317703
20.100000 36.382809 11.357839
20.133333 36.382809 11.398492
20.166667 36.382809 11.439656
20.200000 36.382809 11.481329
20.233333 36.382809 11.523504
20.266667 36.382809 11.563302
20.300000 36.382809 11.599297
20.333333 36.382809 11.634395
20.366667 36.382809 11.670162
20.400000 36.382809 11.706594
20.433333 36.382809 11.743683
20.466667 36.382809 11.781421
20.500000 36.382809 11.819805
20.533333 36.382809 11.842624
20.566667 36.382809 11.852727
20.600000 36.382809 11.863764
20.633333 36.382809 11.875733
20.666667 36.382809 11.888631
20.700000 36.382809 11.902452
20.733333 36.382809 11.917196
20.766667 36.382809 11.927424
20.800000 36.382809 11.928749
20.833333 36.382809 11.926720
20.866667 36.382809 11.926099
20.900000 36.382809 11.926884
20.933333 36.382809 11.929072
20.966667 36.382809 11.932668
21.000000 36.382809 11.937665
21.033333 36.382809 11.939161
21.066667 36.382809 11.937423
21.100000 36.382809 11.936714
21.133333 36.382809 11.937034
21.166667 36.382809 11.938382
21.200000 36.382809 11.940760
21.233333 36.382809 11.944163
21.266667 36.382809 11.940051
21.300000 36.382809 11.919525
21.333333 36.382809 11.891228
21.366667 36.382809 11.864269
21.400000 36.382809 11.838658
21.433333 36.382809 11.814404
21.466667 36.382809 11.791513
21.500000 36.382809 11.769998
20.000000 36.409645 11.296789
20.033333 36.409645 11.345136
20.066667 36.409645 11.384102
20.100000 36.409645 11.423619
20.133333 36.409645 11.463683
20.166667 36.409645 11.504289
20.200000 36.409645 11.545426
20.233333 36.409645 11.587093
20.266667 36.409645 11.626192
20.300000 36.409645 11.661613
20.333333 36.409645 11.696504
20.366667 36.409645 11.732167
20.400000 36.409645 11.768593
20.433333 36.409645 11.805778
20.466667 36.409645 11.843711
20.500000 36.409645 11.882388
20.533333 36.409645 11.905417
20.566667 36.409645 11.914917
20.600000 36.409645 11.925346
20.633333 36.409645 11.936703
20.666667 36.409645 11.948984
20.700000 36.409645 11.962189
20.733333 36.409645 11.976311
20.766667 36.409645 11.986096
20.800000 36.409645 11.987683
20.833333 36.409645 11.986471
20.866667 36.409645 11.986792
20.900000 36.409645 11.988644
20.933333 36.409645 11.992026
20.966667 36.409645 11.996938
21.000000 36.409645 12.003377
21.033333 36.409645 12.005215
21.066667 36.409645 12.002720
21.100000 36.409645 12.001279
21.133333 36.409645 12.000895
21.166667 36.409645 12.001564
21.200000 36.409645 12.003288
21.233333 36.409645 12.006066
21.266667 36.409645 12.001386
21.300000 36.409645 11.980439
21.333333 36.409645 11.951836
21.366667 36.409645 11.924562
21.400000 36.409645 11.898632
21.433333 36.409645 11.874052
21.466667 36.409645 11.850828
21.500000 36.409645 11.828971
20.000000 36.436472 11.365664
20.033333 36.436472 11.413400
20.066667 36.436472 11.451690
20.100000 36.436472 11.490558
20.133333 36.436472 11.530001
20.166667 36.436472 11.570012
20.200000 36.436472 11.610585
20.233333 36.436472 11.651715
20.266667 36.436472 11.690042
20.300000 36.436472 11.724783
20.333333 36.436472 11.759366
20.366667 36.436472 11.794827
20.400000 36.436472 11.831161
20.433333 36.436472 11.868357
20.466667 36.436472 11.906410
20.500000 36.436472 11.945312
20.533333 36.436472 11.968555
20.566667 36.436472 11.977455
20.600000 36.436472 11.987282
20.633333 36.436472 11.998034
20.666667 36.436472 12.009706
20.700000 36.436472 12.022296
20.733333 36.436472 12.035803
20.766667 36.436472 12.045119
20.800000 36.436472 12.046911
20.833333 36.436472 12.046464
20.866667 36.436472 12.047678
20.900000 36.436472 12.050554
20.933333 36.436472 12.055092
20.966667 36.436472 12.061288
21.000000 36.436472 12.069139
21.033333 36.436472 12.071314
21.066667 36.436472 12.068058
21.100000 36.436472 12.065880
21.133333 36.436472 12.064786
21.166667 36.436472 12.064771
21.200000 36.436472 12.065839
21.233333 36.436472 12.067986
21.266667 36.436472 12.062736
21.300000 36.436472 12.041375
21.333333 36.436472 12.012465
21.366667 36.436472 11.984881
21.400000 36.436472 11.958632
21.433333 36.436472 11.933726
21.466667 36.436472 11.910173
21.500000 36.436472 11.887980
20.000000 36.463289 11.435769
20.033333 36.463289 11.482862
20.066667 36.463289 11.520442
20.100000 36.463289 11.558631
20.133333 36.463289 11.597422
20.166667 36.463289 11.636810
20.200000 36.463289 11.676787
20.233333 36.463289 11.717349
20.266667 36.463289 11.754836
20.300000 36.463289 11.788792
20.333333 36.463289 11.822964
20.366667 36.463289 11.858132
20.400000 36.463289 11.894283
20.433333 36.463289 11.931414
20.466667 36.463289 11.969510
20.500000 36.463289 12.008564
20.533333 36.463289 12.032029
20.566667 36.463289 12.040338
20.600000 36.463289 12.049567
20.633333 36.463289 12.059717
20.666667 36.463289 12.070786
20.700000 36.463289 12.082770
20.733333 36.463289 12.095666
20.766667 36.463289 12.104486
20.800000 36.463289 12.106426
20.833333 36.463289 12.106692
20.866667 36.463289 12.108754
20.900000 36.463289 12.112612
20.933333 36.463289 12.118267
20.966667 36.463289 12.125714
21.000000 36.463289 12.134951
21.033333 36.463289 12.137458
21.066667 36.463289 12.133433
21.100000 36.463289 12.130518
21.133333 36.463289 12.128708
21.166667 36.463289 12.128005
21.200000 36.463289 12.128413
21.233333 36.463289 12.129928
21.266667 36.463289 12.124105
21.300000 36.463289 12.102328
21.333333 36.463289 12.073116
21.366667 36.463289 12.045224
21.400000 36.463289 12.018660
21.433333 36.463289 11.993432
21.466667 36.463289 11.969551
21.500000 36.463289 11.947024
20.000000 36.490097 11.507082
20.033333 36.490097 11.553499
20.066667 36.490097 11.590340
20.100000 36.490097 11.627817
20.133333 36.490097 11.665926
20.166667 36.490097 11.704660
20.200000 36.490097 11.744013
20.233333 36.490097 11.783978
20.266667 36.490097 11.820558
20.300000 36.490097 11.853623
20.333333 36.490097 11.887287
20.366667 36.490097 11.922069
20.400000 36.490097 11.957954
20.433333 36.490097 11.994938
20.466667 36.490097 12.033004
20.500000 36.490097 12.072146
20.533333 36.490097 12.095834
20.566667 36.490097 12.103555
20.600000 36.490097 12.112194
20.633333 36.490097 12.121750
20.666667 36.490097 12.132220
20.700000 36.490097 12.143602
20.733333 36.490097 12.155895
20.766667 36.490097 12.164191
20.800000 36.490097 12.166224
20.833333 36.490097 12.167151
20.866667 36.490097 12.170015
20.900000 36.490097 12.174814
20.933333 36.490097 12.181550
20.966667 36.490097 12.190216
21.000000 36.490097 12.200809
21.033333 36.490097 12.203645
21.066667 36.490097 12.198850
21.100000 36.490097 12.195188
21.133333 36.490097 12.192658
21.166667 36.490097 12.191265
21.200000 36.490097 12.191009
21.233333 36.490097 12.191885
21.266667 36.490097 12.185491
21.300000 36.490097 12.163302
21.333333 36.490097 12.133789
21.366667 36.490097 12.105590
21.400000 36.490097 12.078712
21.433333 36.490097 12.053166
21.466667 36.490097 12.028960
21.500000 36.490097 12.006100
20.000000 36.516895 11.569881
20.033333 36.516895 11.615487
20.066667 36.516895 11.652861
20.100000 36.516895 11.690922
20.133333 36.516895 11.729663
20.166667 36.516895 11.769079
20.200000 36.516895 11.809161
20.233333 36.516895 11.849905
20.266667 36.516895 11.886650
20.300000 36.516895 11.918966
20.333333 36.516895 11.951637
20.366667 36.516895 11.985511
20.400000 36.516895 12.020577
20.433333 36.516895 12.056828
20.466667 36.516895 12.094248
20.500000 36.516895 12.132831
20.533333 36.516895 12.156559
20.566667 36.516895 12.164541
20.600000 36.516895 12.173479
20.633333 36.516895 12.183370
20.666667 36.516895 12.194213
20.700000 36.516895 12.206002
20.733333 36.516895 12.218740
20.766667 36.516895 12.227351
20.800000 36.516895 12.229686
20.833333 36.516895 12.231089
20.866667 36.516895 12.234545
20.900000 36.516895 12.240057
20.933333 36.516895 12.247618
20.966667 36.516895 12.257227
21.000000 36.516895 12.268880
21.033333 36.516895 12.271554
21.066667 36.516895 12.265296
21.100000 36.516895 12.260194
21.133333 36.516895 12.256249
21.166667 36.516895 12.253461
21.200000 36.516895 12.251832
21.233333 36.516895 12.251362
21.266667 36.516895 12.239873
21.300000 36.516895 12.205095
21.333333 36.516895 12.159287
21.366667 36.516895 12.114855
21.400000 36.516895 12.071814
21.433333 36.516895 12.030178
21.466667 36.516895 11.989963
21.500000 36.516895 11.951182
20.000000 36.543685 11.628202
20.033333 36.543685 11.672610
20.066667 36.543685 11.710964
20.100000 36.543685 11.750087
20.133333 36.543685 11.789968
20.166667 36.543685 11.830599
20.200000 36.543685 11.871974
20.233333 36.543685 11.914086
20.266667 36.543685 11.951765
20.300000 36.543685 11.983871
20.333333 36.543685 12.015683
20.366667 36.543685 12.048727
20.400000 36.543685 12.082997
20.433333 36.543685 12.118479
20.466667 36.543685 12.155166
20.500000 36.543685 12.193042
20.533333 36.543685 12.216292
20.566667 36.543685 12.224662
20.600000 36.543685 12.234087
20.633333 36.543685 12.244569
20.666667 36.543685 12.256102
20.700000 36.543685 12.268686
20.733333 36.543685 12.282315
20.766667 36.543685 12.291771
20.800000 36.543685 12.294725
20.833333 36.543685 12.296663
20.866667 36.543685 12.300732
20.900000 36.543685 12.306931
20.933333 36.543685 12.315258
20.966667 36.543685 12.325706
21.000000 36.543685 12.338272
21.033333 36.543685 12.340516
21.066667 36.543685 12.332405
21.100000 36.543685 12.325465
21.133333 36.543685 12.319695
21.166667 36.543685 12.315099
21.200000 36.543685 12.311678
21.233333 36.543685 12.309432
21.266667 36.543685 12.290248
21.300000 36.543685 12.235880
21.333333 36.543685 12.164567
21.366667 36.543685 12.094765
21.400000 36.543685 12.026497
21.433333 36.543685 11.959790
21.466667 36.543685 11.894673
21.500000 36.543685 11.831169
20.000000 36.570465 11.687733
20.033333 36.570465 11.730700
20.066667 36.570465 11.769795
20.100000 36.570465 11.809751
20.133333 36.570465 11.850555
20.166667 36.570465 11.892201
20.200000 36.570465 11.934679
20.233333 36.570465 11.977982
20.266667 36.570465 12.016645
20.300000 36.570465 12.048798
20.333333 36.570465 12.079984
20.366667 36.570465 12.112416
20.400000 36.570465 12.146080
20.433333 36.570465 12.180969
20.466667 36.570465 12.217072
20.500000 36.570465 12.254377
20.533333 36.570465 12.276849
20.566667 36.570465 12.285333
20.600000 36.570465 12.295004
20.633333 36.570465 12.305863
20.666667 36.570465 12.317905
20.700000 36.570465 12.331127
20.733333 36.570465 12.345527
20.766667 36.570465 12.355830
20.800000 36.570465 12.359506
20.833333 36.570465 12.362063
20.866667 36.570465 12.366816
20.900000 36.570465 12.373759
20.933333 36.570465 12.382890
20.966667 36.570465 12.394204
21.000000 36.570465 12.407696
21.033333 36.570465 12.409519
21.066667 36.570465 12.399562
21.100000 36.570465 12.390786
21.133333 36.570465 12.383194
21.166667 36.570465 12.376786
21.200000 36.570465 12.371569
21.233333 36.570465 12.367540
21.266667 36.570465 12.340686
21.300000 36.570465 12.266801
21.333333 36.570465 12.170082
21.366667 36.570465 12.075029
21.400000 36.570465 11.981681
21.433333 36.570465 11.890079
21.466667 36.570465 11.800262
21.500000 36.570465 11.712271
20.000000 36.597236 11.748471
20.033333 36.597236 11.789910
20.066667 36.597236 11.829647
20.100000 36.597236 11.870340
20.133333 36.597236 11.911980
20.166667 36.597236 11.954556
20.200000 36.597236 11.998059
20.233333 36.597236 12.042478
20.266667 36.597236 12.082088
20.300000 36.597236 12.114281
20.333333 36.597236 12.144845
20.366667 36.597236 12.176661
20.400000 36.597236 12.209723
20.433333 36.597236 12.244016
20.466667 36.597236 12.279534
20.500000 36.597236 12.316265
20.533333 36.597236 12.337873
20.566667 36.597236 12.346393
20.600000 36.597236 12.356239
20.633333 36.597236 12.367411
20.666667 36.597236 12.379904
20.700000 36.597236 12.393714
20.733333 36.597236 12.408835
20.766667 36.597236 12.419964
20.800000 36.597236 12.424348
20.833333 36.597236 12.427517
20.866667 36.597236 12.432942
20.900000 36.597236 12.440621
20.933333 36.597236 12.450550
20.966667 36.597236 12.462723
21.000000 36.597236 12.477132
21.033333 36.597236 12.478535
21.066667 36.597236 12.466731
21.100000 36.597236 12.456118
21.133333 36.597236 12.446703
21.166667 36.597236 12.438486
21.200000 36.597236 12.431470
21.233333 36.597236 12.425656
21.266667 36.597236 12.391128
21.300000 36.597236 12.297723
21.333333 36.597236 12.175597
21.366667 36.597236 12.055302
21.400000 36.597236 11.936891
21.433333 36.597236 11.820419
21.466667 36.597236 11.705948
21.500000 36.597236 11.593534
20.000000 36.623997 11.810399
20.033333 36.623997 11.850222
20.066667 36.623997 11.890502
20.100000 36.623997 11.931841
20.133333 36.623997 11.974227
20.166667 36.623997 12.017651
20.200000 36.623997 12.062099
20.233333 36.623997 12.107562
20.266667 36.623997 12.148080
20.300000 36.623997 12.180313
20.333333 36.623997 12.210252
20.366667 36.623997 12.241453
20.400000 36.623997 12.273911
20.433333 36.623997 12.307609
20.466667 36.623997 12.342543
20.500000 36.623997 12.378697
20.533333 36.623997 12.399359
20.566667 36.623997 12.407836
20.600000 36.623997 12.417787
20.633333 36.623997 12.429207
20.666667 36.623997 12.442092
20.700000 36.623997 12.456440
20.733333 36.623997 12.472242
20.766667 36.623997 12.484171
20.800000 36.623997 12.489252
20.833333 36.623997 12.493022
20.866667 36.623997 12.499113
20.900000 36.623997 12.507520
20.933333 36.623997 12.518236
20.966667 36.623997 12.531260
21.000000 36.623997 12.546580
21.033333 36.623997 12.547562
21.066667 36.623997 12.533910
21.100000 36.623997 12.521462
21.133333 36.623997 12.510222
21.166667 36.623997 12.500195
21.200000 36.623997 12.491380
21.233333 36.623997 12.483782
21.266667 36.623997 12.441575
21.300000 36.623997 12.328644
21.333333 36.623997 12.181113
21.366667 36.623997 12.035581
21.400000 36.623997 11.892124
21.433333 36.623997 11.750814
21.466667 36.623997 11.611734
21.500000 36.623997 11.474959
20.000000 36.650750 11.873496
20.033333 36.650750 11.911613
20.066667 36.650750 11.952343
20.100000 36.650750 11.994237
20.133333 36.650750 12.037284
20.166667 36.650750 12.081473
20.200000 36.650750 12.126791
20.233333 36.650750 12.173223
20.266667 36.650750 12.214613
20.300000 36.650750 12.246883
20.333333 36.650750 12.276196
20.366667 36.650750 12.306785
20.400000 36.650750 12.338634
20.433333 36.650750 12.371739
20.466667 36.650750 12.406086
20.500000 36.650750 12.441667
20.533333 36.650750 12.461298
20.566667 36.650750 12.469656
20.600000 36.650750 12.479640
20.633333 36.650750 12.491245
20.666667 36.650750 12.504469
20.700000 36.650750 12.519303
20.733333 36.650750 12.535744
20.766667 36.650750 12.548447
20.800000 36.650750 12.554216
20.833333 36.650750 12.558578
20.866667 36.650750 12.565324
20.900000 36.650750 12.574450
20.933333 36.650750 12.585949
20.966667 36.650750 12.599815
21.000000 36.650750 12.616041
21.033333 36.650750 12.616601
21.066667 36.650750 12.601100
21.100000 36.650750 12.586818
21.133333 36.650750 12.573753
21.166667 36.650750 12.561913
21.200000 36.650750 12.551301
21.233333 36.650750 12.541917
21.266667 36.650750 12.492025
21.300000 36.650750 12.359563
21.333333 36.650750 12.186628
21.366667 36.650750 12.015868
21.400000 36.650750 11.847381
21.433333 36.650750 11.681264
21.466667 36.650750 11.517618
21.500000 36.650750 11.356553
20.000000 36.677493 11.937741
20.033333 36.677493 11.974072
20.066667 36.677493 12.015155
20.100000 36.677493 12.057513
20.133333 36.677493 12.101136
20.166667 36.677493 12.146011
20.200000 36.677493 12.192121
20.233333 36.677493 12.239454
20.266667 36.677493 12.281677
20.300000 36.677493 12.313982
20.333333 36.677493 12.342672
20.366667 36.677493 12.372644
20.400000 36.677493 12.403891
20.433333 36.677493 12.436397
20.466667 36.677493 12.470158
20.500000 36.677493 12.505162
20.533333 36.677493 12.523685
20.566667 36.677493 12.531848
20.600000 36.677493 12.541796
20.633333 36.677493 12.553524
20.666667 36.677493 12.567029
20.700000 36.677493 12.582303
20.733333 36.677493 12.599339
20.766667 36.677493 12.612793
20.800000 36.677493 12.619240
20.833333 36.677493 12.624185
20.866667 36.677493 12.631577
20.900000 36.677493 12.641413
20.933333 36.677493 12.653685
20.966667 36.677493 12.668387
21.000000 36.677493 12.685513
21.033333 36.677493 12.685649
21.066667 36.677493 12.668303
21.100000 36.677493 12.652182
21.133333 36.677493 12.637294
21.166667 36.677493 12.623641
21.200000 36.677493 12.611229
21.233333 36.677493 12.600060
21.266667 36.677493 12.542480
21.300000 36.677493 12.390482
21.333333 36.677493 12.192142
21.366667 36.677493 11.996163
21.400000 36.677493 11.802663
21.433333 36.677493 11.611768
21.466667 36.677493 11.423606
21.500000 36.677493 11.238316
20.000000 36.704226 12.003116
20.033333 36.704226 12.037576
20.066667 36.704226 12.078919
20.100000 36.704226 12.121655
20.133333 36.704226 12.165771
20.166667 36.704226 12.211250
20.200000 36.704226 12.258079
20.233333 36.704226 12.306241
20.266667 36.704226 12.349263
20.300000 36.704226 12.381598
20.333333 36.704226 12.409666
20.366667 36.704226 12.439023
20.400000 36.704226 12.469662
20.433333 36.704226 12.501574
20.466667 36.704226 12.534748
20.500000 36.704226 12.569175
20.533333 36.704226 12.586509
20.566667 36.704226 12.594403
20.600000 36.704226 12.604248
20.633333 36.704226 12.616039
20.666667 36.704226 12.629770
20.700000 36.704226 12.645434
20.733333 36.704226 12.663026
20.766667 36.704226 12.677206
20.800000 36.704226 12.684320
20.833333 36.704226 12.689837
20.866667 36.704226 12.697868
20.900000 36.704226 12.708406
20.933333 36.704226 12.721445
20.966667 36.704226 12.736978
21.000000 36.704226 12.754995
21.033333 36.704226 12.754708
21.066667 36.704226 12.735512
21.100000 36.704226 12.717556
21.133333 36.704226 12.700844
21.166667 36.704226 12.685378
21.200000 36.704226 12.671165
21.233333 36.704226 12.658212
21.266667 36.704226 12.592938
21.300000 36.704226 12.421401
21.333333 36.704226 12.197657
21.366667 36.704226 11.976465
21.400000 36.704226 11.757970
21.433333 36.704226 11.542326
21.466667 36.704226 11.329697
21.500000 36.704226 11.120254
20.000000 36.730951 12.069598
20.033333 36.730951 12.102108
20.066667 36.730951 12.143620
20.100000 36.730951 12.186647
20.133333 36.730951 12.231172
20.166667 36.730951 12.277181
20.200000 36.730951 12.324654
20.233333 36.730951 12.373576
20.266667 36.730951 12.417362
20.300000 36.730951 12.449727
20.333333 36.730951 12.477170
20.366667 36.730951 12.505912
20.400000 36.730951 12.535944
20.433333 36.730951 12.567260
20.466667 36.730951 12.599847
20.500000 36.730951 12.633696
20.533333 36.730951 12.649764
20.566667 36.730951 12.657317
20.600000 36.730951 12.666992
20.633333 36.730951 12.678785
20.666667 36.730951 12.692690
20.700000 36.730951 12.708698
20.733333 36.730951 12.726802
20.766667 36.730951 12.741685
20.800000 36.730951 12.749456
20.833333 36.730951 12.755539
20.866667 36.730951 12.764197
20.900000 36.730951 12.775431
20.933333 36.730951 12.789227
20.966667 36.730951 12.805584
21.000000 36.730951 12.824487
21.033333 36.730951 12.823776
21.066667 36.730951 12.802733
21.100000 36.730951 12.782940
21.133333 36.730951 12.764401
21.166667 36.730951 12.747124
21.200000 36.730951 12.731112
21.233333 36.730951 12.716371
21.266667 36.730951 12.643400
21.300000 36.730951 12.452318
21.333333 36.730951 12.203170
21.366667 36.730951 11.956774
21.400000 36.730951 11.713303
21.433333 36.730951 11.472942
21.466667 36.730951 11.235892
21.500000 36.730951 11.002370
20.000000 36.757666 12.132801
20.033333 36.757666 12.163488
20.066667 36.757666 12.205209
20.100000 36.757666 12.248562
20.133333 36.757666 12.293530
20.166667 36.757666 12.340096
20.200000 36.757666 12.388241
20.233333 36.757666 12.437946
20.266667 36.757666 12.482318
20.300000 36.757666 12.514263
20.333333 36.757666 12.540559
20.366667 36.757666 12.568174
20.400000 36.757666 12.597101
20.433333 36.757666 12.627328
20.466667 36.757666 12.658850
20.500000 36.757666 12.691653
20.533333 36.757666 12.705996
20.566667 36.757666 12.712515
20.600000 36.757666 12.721308
20.633333 36.757666 12.732373
20.666667 36.757666 12.745704
20.700000 36.757666 12.761292
20.733333 36.757666 12.779129
20.766667 36.757666 12.794165
20.800000 36.757666 12.802600
20.833333 36.757666 12.809572
20.866667 36.757666 12.819205
20.900000 36.757666 12.831492
20.933333 36.757666 12.846426
20.966667 36.757666 12.863997
21.000000 36.757666 12.884196
21.033333 36.757666 12.881405
21.066667 36.757666 12.854790
21.100000 36.757666 12.829453
21.133333 36.757666 12.805405
21.166667 36.757666 12.782650
21.200000 36.757666 12.761195
21.233333 36.757666 12.741052
21.266667 36.757666 12.658590
21.300000 36.757666 12.449808
21.333333 36.757666 12.178936
21.366667 36.757666 11.910999
21.400000 36.757666 11.646203
21.433333 36.757666 11.384764
21.466667 36.757666 11.126919
21.500000 36.757666 10.872923
20.000000 36.784371 12.186050
20.033333 36.784371 12.215512
20.066667 36.784371 12.257823
20.100000 36.784371 12.301860
20.133333 36.784371 12.347603
20.166667 36.784371 12.395036
20.200000 36.784371 12.444137
20.233333 36.784371 12.494887
20.266667 36.784371 12.539395
20.300000 36.784371 12.569599
20.333333 36.784371 12.593257
20.366667 36.784371 12.618292
20.400000 36.784371 12.644698
20.433333 36.784371 12.672466
20.466667 36.784371 12.701585
20.500000 36.784371 12.732048
20.533333 36.784371 12.743867
20.566667 36.784371 12.747932
20.600000 36.784371 12.754349
20.633333 36.784371 12.763108
20.666667 36.784371 12.774210
20.700000 36.784371 12.787645
20.733333 36.784371 12.803409
20.766667 36.784371 12.817225
20.800000 36.784371 12.826242
20.833333 36.784371 12.834834
20.866667 36.784371 12.846225
20.900000 36.784371 12.860408
20.933333 36.784371 12.877372
20.966667 36.784371 12.897106
21.000000 36.784371 12.919599
21.033333 36.784371 12.910608
21.066667 36.784371 12.869176
21.100000 36.784371 12.829121
21.133333 36.784371 12.790452
21.166667 36.784371 12.753185
21.200000 36.784371 12.717334
21.233333 36.784371 12.682907
21.266667 36.784371 12.586576
21.300000 36.784371 12.364712
21.333333 36.784371 12.081265
21.366667 36.784371 11.800878
21.400000 36.784371 11.523771
21.433333 36.784371 11.250188
21.466667 36.784371 10.980393
21.500000 36.784371 10.714671
20.000000 36.811068 12.239871
20.033333 36.811068 12.268430
20.066667 36.811068 12.311620
20.100000 36.811068 12.356611
20.133333 36.811068 12.403379
20.166667 36.811068 12.451910
20.200000 36.811068 12.502180
20.233333 36.811068 12.554168
20.266667 36.811068 12.598624
20.300000 36.811068 12.626568
20.333333 36.811068 12.647102
20.366667 36.811068 12.669106
20.400000 36.811068 12.692571
20.433333 36.811068 12.717488
20.466667 36.811068 12.743852
20.500000 36.811068 12.771647
20.533333 36.811068 12.781420
20.566667 36.811068 12.783458
20.600000 36.811068 12.787864
20.633333 36.811068 12.794633
20.666667 36.811068 12.803762
20.700000 36.811068 12.815247
20.733333 36.811068 12.829082
20.766667 36.811068 12.841574
20.800000 36.811068 12.850883
20.833333 36.811068 12.860842
20.866667 36.811068 12.873775
20.900000 36.811068 12.889676
20.933333 36.811068 12.908528
20.966667 36.811068 12.930324
21.000000 36.811068 12.955045
21.033333 36.811068 12.939831
21.066667 36.811068 12.883610
21.100000 36.811068 12.828909
21.133333 36.811068 12.775747
21.166667 36.811068 12.724142
21.200000 36.811068 12.674115
21.233333 36.811068 12.625685
21.266667 36.811068 12.515677
21.300000 36.811068 12.280779
21.333333 36.811068 11.984775
21.366667 36.811068 11.691911
21.400000 36.811068 11.402430
21.433333 36.811068 11.116596
21.466667 36.811068 10.834699
21.500000 36.811068 10.557053
20.000000 36.837755 12.294771
20.033333 36.837755 12.322394
20.066667 36.837755 12.366416
20.100000 36.837755 12.412313
20.133333 36.837755 12.460065
20.166667 36.837755 12.509651
20.200000 36.837755 12.561047
20.233333 36.837755 12.614232
20.266667 36.837755 12.658587
20.300000 36.837755 12.684204
20.333333 36.837755 12.701563
20.366667 36.837755 12.720482
20.400000 36.837755 12.740955
20.433333 36.837755 12.762974
20.466667 36.837755 12.786531
20.500000 36.837755 12.811618
20.533333 36.837755 12.819340
20.566667 36.837755 12.819347
20.600000 36.837755 12.821737
20.633333 36.837755 12.826511
20.666667 36.837755 12.833664
20.700000 36.837755 12.843194
20.733333 36.837755 12.855093
20.766667 36.837755 12.866230
20.800000 36.837755 12.875778
20.833333 36.837755 12.887057
20.866667 36.837755 12.901490
20.900000 36.837755 12.919067
20.933333 36.837755 12.939776
20.966667 36.837755 12.963601
21.000000 36.837755 12.990526
21.033333 36.837755 12.969072
21.066667 36.837755 12.898052
21.100000 36.837755 12.828701
21.133333 36.837755 12.761046
21.166667 36.837755 12.695115
21.200000 36.837755 12.630936
21.233333 36.837755 12.568534
21.266667 36.837755 12.444879
21.300000 36.837755 12.196960
21.333333 36.837755 11.888415
21.366667 36.837755 11.583099
21.400000 36.837755 11.281276
21.433333 36.837755 10.983229
21.466667 36.837755 10.689276
21.500000 36.837755 10.399765
20.000000 36.864433 12.350736
20.033333 36.864433 12.377388
20.066667 36.864433 12.422194
20.100000 36.864433 12.468954
20.133333 36.864433 12.517644
20.166667 36.864433 12.568241
20.200000 36.864433 12.620724
20.233333 36.864433 12.675068
20.266667 36.864433 12.719268
20.300000 36.864433 12.742502
20.333333 36.864433 12.756630
20.366667 36.864433 12.772413
20.400000 36.864433 12.789845
20.433333 36.864433 12.808915
20.466667 36.864433 12.829620
20.500000 36.864433 12.851952
20.533333 36.864433 12.857622
20.566667 36.864433 12.855596
20.600000 36.864433 12.855968
20.633333 36.864433 12.858743
20.666667 36.864433 12.863914
20.700000 36.864433 12.871483
20.733333 36.864433 12.881442
20.766667 36.864433 12.891193
20.800000 36.864433 12.900928
20.833333 36.864433 12.913473
20.866667 36.864433 12.929363
20.900000 36.864433 12.948580
20.933333 36.864433 12.971111
20.966667 36.864433 12.996939
21.000000 36.864433 13.026045
21.033333 36.864433 12.998330
21.066667 36.864433 12.912499
21.100000 36.864433 12.828494
21.133333 36.864433 12.746351
21.166667 36.864433 12.666105
21.200000 36.864433 12.587793
21.233333 36.864433 12.511453
21.266667 36.864433 12.374177
21.300000 36.864433 12.113256
21.333333 36.864433 11.792192
21.366667 36.864433 11.474449
21.400000 36.864433 11.160312
21.433333 36.864433 10.850091
21.466667 36.864433 10.544134
21.500000 36.864433 10.242823
20.000000 36.891102 12.407748
20.033333 36.891102 12.433398
20.066667 36.891102 12.478944
20.100000 36.891102 12.526519
20.133333 36.891102 12.576102
20.166667 36.891102 12.627670
20.200000 36.891102 12.681200
20.233333 36.891102 12.736665
20.266667 36.891102 12.780655
20.300000 36.891102 12.801449
20.333333 36.891102 12.812296
20.366667 36.891102 12.824892
20.400000 36.891102 12.839231
20.433333 36.891102 12.855309
20.466667 36.891102 12.873116
20.500000 36.891102 12.892647
20.533333 36.891102 12.896263
20.566667 36.891102 12.892199
20.600000 36.891102 12.890551
20.633333 36.891102 12.891321
20.666667 36.891102 12.894508
20.700000 36.891102 12.900110
20.733333 36.891102 12.908125
20.766667 36.891102 12.916460
20.800000 36.891102 12.926328
20.833333 36.891102 12.940095
20.866667 36.891102 12.957397
20.900000 36.891102 12.978215
20.933333 36.891102 13.002535
20.966667 36.891102 13.030337
21.000000 36.891102 13.061600
21.033333 36.891102 13.027605
21.066667 36.891102 12.926955
21.100000 36.891102 12.828292
21.133333 36.891102 12.731661
21.166667 36.891102 12.637113
21.200000 36.891102 12.544691
21.233333 36.891102 12.454445
21.266667 36.891102 12.303577
21.300000 36.891102 12.029668
21.333333 36.891102 11.696106
21.366667 36.891102 11.365963
21.400000 36.891102 11.039544
21.433333 36.891102 10.717193
21.466667 36.891102 10.399282
21.500000 36.891102 10.086238
20.000000 36.917761 12.465795
20.033333 36.917761 12.490409
20.066667 36.917761 12.536644
20.100000 36.917761 12.584993
20.133333 36.917761 12.635429
20.166667 36.917761 12.687927
20.200000 36.917761 12.742463
20.233333 36.917761 12.799008
20.266667 36.917761 12.842741
20.300000 36.917761 12.861036
20.333333 36.917761 12.868551
20.366667 36.917761 12.877912
20.400000 36.917761 12.889111
20.433333 36.917761 12.902145
20.466667 36.917761 12.917010
20.500000 36.917761 12.933700
20.533333 36.917761 12.935260
20.566667 36.917761 12.929154
20.600000 36.917761 12.925484
20.633333 36.917761 12.924245
20.666667 36.917761 12.925443
20.700000 36.917761 12.929075
20.733333 36.917761 12.935139
20.766667 36.917761 12.942029
20.800000 36.917761 12.951977
20.833333 36.917761 12.966917
20.866667 36.917761 12.985587
20.900000 36.917761 13.007970
20.933333 36.917761 13.034046
20.966667 36.917761 13.063795
21.000000 36.917761 13.097189
21.033333 36.917761 13.056898
21.066667 36.917761 12.941416
21.100000 36.917761 12.828091
21.133333 36.917761 12.716977
21.166667 36.917761 12.608137
21.200000 36.917761 12.501626
21.233333 36.917761 12.397510
21.266667 36.917761 12.233077
21.300000 36.917761 11.946198
21.333333 36.917761 11.600160
21.366667 36.917761 11.257642
21.400000 36.917761 10.918978
21.433333 36.917761 10.584538
21.466667 36.917761 10.254732
21.500000 36.917761 9.930025
20.000000 36.944411 12.524858
20.033333 36.944411 12.548405
20.066667 36.944411 12.595287
20.100000 36.944411 12.644364
20.133333 36.944411 12.695609
20.166667 36.944411 12.748996
20.200000 36.944411 12.804498
20.233333 36.944411 12.862088
20.266667 36.944411 12.905513
20.300000 36.944411 12.921253
20.333333 36.944411 12.925387
20.366667 36.944411 12.931462
20.400000 36.944411 12.939475
20.433333 36.944411 12.949425
20.466667 36.944411 12.961302
20.500000 36.944411 12.975105
20.533333 36.944411 12.974606
20.566667 36.944411 12.966460
20.600000 36.944411 12.960762
20.633333 36.944411 12.957513
20.666667 36.944411 12.956717
20.700000 36.944411 12.958375
20.733333 36.944411 12.962484
20.766667 36.944411 12.967897
20.800000 36.944411 12.977875
20.833333 36.944411 12.993939
20.866667 36.944411 13.013934
20.900000 36.944411 13.037844
20.933333 36.944411 13.065643
20.966667 36.944411 13.097310
21.000000 36.944411 13.132816
21.033333 36.944411 13.086206
21.066667 36.944411 12.955884
21.100000 36.944411 12.827891
21.133333 36.944411 12.702298
21.166667 36.944411 12.579177
21.200000 36.944411 12.458602
21.233333 36.944411 12.340648
21.266667 36.944411 12.162681
21.300000 36.944411 11.862850
21.333333 36.944411 11.504355
21.366667 36.944411 11.149492
21.400000 36.944411 10.798618
21.433333 36.944411 10.452134
21.466667 36.944411 10.110493
21.500000 36.944411 9.774199
20.000000 36.971051 12.584920
20.033333 36.971051 12.607372
20.066667 36.971051 12.654857
20.100000 36.971051 12.704618
20.133333 36.971051 12.756630
20.166667 36.971051 12.810865
20.200000 36.971051 12.867294
20.233333 36.971051 12.925890
20.266667 36.971051 12.968959
20.300000 36.971051 12.982092
20.333333 36.971051 12.982796
20.366667 36.971051 12.985538
20.400000 36.971051 12.990320
20.433333 36.971051 12.997136
20.466667 36.971051 13.005984
20.500000 36.971051 13.016861
20.533333 36.971051 13.014302
20.566667 36.971051 13.004110
20.600000 36.971051 12.996382
20.633333 36.971051 12.991120
20.666667 36.971051 12.988327
20.700000 36.971051 12.988006
20.733333 36.971051 12.990154
20.766667 36.971051 12.994064
20.800000 36.971051 13.004019
20.833333 36.971051 13.021159
20.866667 36.971051 13.042438
20.900000 36.971051 13.067834
20.933333 36.971051 13.097324
20.966667 36.971051 13.130882
21.000000 36.971051 13.168475
21.033333 36.971051 13.115532
21.066667 36.971051 12.970358
21.100000 36.971051 12.827695
21.133333 36.971051 12.687625
21.166667 36.971051 12.550236
21.200000 36.971051 12.415616
21.233333 36.971051 12.283859
21.266667 36.971051 12.092389
21.300000 36.971051 11.779623
21.333333 36.971051 11.408696
21.366667 36.971051 11.041517
21.400000 36.971051 10.678469
21.433333 36.971051 10.319990
21.466667 36.971051 9.966574
21.500000 36.971051 9.618776
20.000000 36.997683 12.645970
20.033333 36.997683 12.667295
20.066667 36.997683 12.715337
20.100000 36.997683 12.765740
20.133333 36.997683 12.818477
20.166667 36.997683 12.873520
20.200000 36.997683 12.930840
20.233333 36.997683 12.990404
20.266667 36.997683 13.033069
20.300000 36.997683 13.043539
20.333333 36.997683 13.040768
20.366667 36.997683 13.040133
20.400000 36.997683 13.041637
20.433333 36.997683 13.045278
20.466667 36.997683 13.051054
20.500000 36.997683 13.058961
20.533333 36.997683 13.054340
20.566667 36.997683 13.042103
20.600000 36.997683 13.032342
20.633333 36.997683 13.025063
20.666667 36.997683 13.020269
20.700000 36.997683 13.017964
20.733333 36.997683 13.018150
20.766667 36.997683 13.020526
20.800000 36.997683 13.030407
20.833333 36.997683 13.048575
20.866667 36.997683 13.071095
20.900000 36.997683 13.097943
20.933333 36.997683 13.129092
20.966667 36.997683 13.164513
21.000000 36.997683 13.204168
21.033333 36.997683 13.144874
21.066667 36.997683 12.984840
21.100000 36.997683 12.827500
21.133333 36.997683 12.672956
21.166667 36.997683 12.521311
21.200000 36.997683 12.372670
21.233333 36.997683 12.227145
21.266667 36.997683 12.022202
21.300000 36.997683 11.696519
21.333333 36.997683 11.313185
21.366667 36.997683 10.933720
21.400000 36.997683 10.558537
21.433333 36.997683 10.188115
21.466667 36.997683 9.822989
21.500000 36.997683 9.463772
20.000000 37.024305 12.679584
20.033333 37.024305 12.698367
20.066667 37.024305 12.743446
20.100000 37.024305 12.790944
20.133333 37.024305 12.840833
20.166667 37.024305 12.893085
20.200000 37.024305 12.947673
20.233333 37.024305 13.004567
20.266667 37.024305 13.044070
20.300000 37.024305 13.050735
20.333333 37.024305 13.044062
20.366667 37.024305 13.039600
20.400000 37.024305 13.037358
20.433333 37.024305 13.037331
20.466667 37.024305 13.039522
20.500000 37.024305 13.043930
20.533333 37.024305 13.036136
20.566667 37.024305 13.021094
20.600000 37.024305 13.008615
20.633333 37.024305 12.998703
20.666667 37.024305 12.991365
20.700000 37.024305 12.986606
20.733333 37.024305 12.984425
20.766667 37.024305 12.985281
20.800000 37.024305 12.995666
20.833333 37.024305 13.015652
20.866667 37.024305 13.040215
20.900000 37.024305 13.069329
20.933333 37.024305 13.102967
20.966667 37.024305 13.141091
21.000000 37.024305 13.183664
21.033333 37.024305 13.123268
21.066667 37.024305 12.958143
21.100000 37.024305 12.796016
21.133333 37.024305 12.637001
21.166667 37.024305 12.481222
21.200000 37.024305 12.328795
21.233333 37.024305 12.179852
21.266667 37.024305 11.968451
21.300000 37.024305 11.630217
21.333333 37.024305 11.231643
21.366667 37.024305 10.837148
21.400000 37.024305 10.447190
21.433333 37.024305 10.062302
21.466667 37.024305 9.683084
21.500000 37.024305 9.310234
20.000000 37.050917 12.717598
20.033333 37.050917 12.733525
20.066667 37.050917 12.775125
20.100000 37.050917 12.819194
20.133333 37.050917 12.865709
20.166667 37.050917 12.914643
20.200000 37.050917 12.965969
20.233333 37.050917 13.019657
20.266667 37.050917 13.055749
20.300000 37.050917 13.058701
20.333333 37.050917 13.048259
20.366667 37.050917 13.040077
20.400000 37.050917 13.034155
20.433333 37.050917 13.030499
20.466667 37.050917 13.029109
20.500000 37.050917 13.029989
20.533333 37.050917 13.018011
20.566667 37.050917 12.999253
20.600000 37.050917 12.983208
20.633333 37.050917 12.969882
20.666667 37.050917 12.959286
20.700000 37.050917 12.951427
20.733333 37.050917 12.946307
20.766667 37.050917 12.945356
20.800000 37.050917 12.956203
20.833333 37.050917 12.977970
20.866667 37.050917 13.004537
20.900000 37.050917 13.035868
20.933333 37.050917 13.071932
20.966667 37.050917 13.112690
21.000000 37.050917 13.158097
21.033333 37.050917 13.096899
21.066667 37.050917 12.927538
21.100000 37.050917 12.761620
21.133333 37.050917 12.599281
21.166667 37.050917 12.440661
21.200000 37.050917 12.285907
21.233333 37.050917 12.135162
21.266667 37.050917 11.918570
21.300000 37.050917 11.568319
21.333333 37.050917 11.154832
21.366667 37.050917 10.745728
21.400000 37.050917 10.341528
21.433333 37.050917 9.942831
21.466667 37.050917 9.550325
21.500000 37.050917 9.164805
20.000000 37.077521 12.757957
20.033333 37.077521 12.770983
20.066667 37.077521 12.809058
20.100000 37.077521 12.849652
20.133333 37.077521 12.892744
20.166667 37.077521 12.938311
20.200000 37.077521 12.986321
20.233333 37.077521 13.036753
20.266667 37.077521 13.069405
20.300000 37.077521 13.068631
20.333333 37.077521 13.054414
20.366667 37.077521 13.042494
20.400000 37.077521 13.032875
20.433333 37.077521 13.025567
20.466667 37.077521 13.020570
20.500000 37.077521 13.017888
20.533333 37.077521 13.001541
20.566667 37.077521 12.978889
20.600000 37.077521 12.959106
20.633333 37.077521 12.942208
20.666667 37.077521 12.928204
20.700000 37.077521 12.917102
20.733333 37.077521 12.908914
20.766667 37.077521 12.906055
20.800000 37.077521 12.917287
20.833333 37.077521 12.940763
20.866667 37.077521 12.969259
20.900000 37.077521 13.002743
20.933333 37.077521 13.041172
20.966667 37.077521 13.084509
21.000000 37.077521 13.132699
21.033333 37.077521 13.070605
21.066667 37.077521 12.896956
21.100000 37.077521 12.727241
21.133333 37.077521 12.561616
21.166667 37.077521 12.400248
21.200000 37.077521 12.243299
21.233333 37.077521 12.090948
21.266667 37.077521 11.869328
21.300000 37.077521 11.507180
21.333333 37.077521 11.078932
21.366667 37.077521 10.655404
21.400000 37.077521 10.237184
21.433333 37.077521 9.824947
21.466667 37.077521 9.419482
21.500000 37.077521 9.021699
20.000000 37.104115 12.800124
20.033333 37.104115 12.810218
20.066667 37.104115 12.844737
20.100000 37.104115 12.881827
20.133333 37.104115 12.921467
20.166667 37.104115 12.963629
20.200000 37.104115 13.008293
20.233333 37.104115 13.055432
20.266667 37.104115 13.084607
20.300000 37.104115 13.080079
20.333333 37.104115 13.062056
20.366667 37.104115 13.046365
20.400000 37.104115 13.033019
20.433333 37.104115 13.022024
20.466667 37.104115 13.013385
20.500000 37.104115 13.007107
20.533333 37.104115 12.986284
20.566667 37.104115 12.959634
20.600000 37.104115 12.936014
20.633333 37.104115 12.915443
20.666667 37.104115 12.897935
20.700000 37.104115 12.883503
20.733333 37.104115 12.872157
20.766667 37.104115 12.867313
20.800000 37.104115 12.878856
20.833333 37.104115 12.903969
20.866667 37.104115 12.934332
20.900000 37.104115 12.969907
20.933333 37.104115 13.010653
20.966667 37.104115 13.056520
21.000000 37.104115 13.107454
21.033333 37.104115 13.044382
21.066667 37.104115 12.866402
21.100000 37.104115 12.692875
21.133333 37.104115 12.523987
21.166667 37.104115 12.359926
21.200000 37.104115 12.200888
21.233333 37.104115 12.047072
21.266667 37.104115 11.820541
21.300000 37.104115 11.446573
21.333333 37.104115 11.003672
21.366667 37.104115 10.565853
21.400000 37.104115 10.133780
21.433333 37.104115 9.708216
21.466667 37.104115 9.290057
21.500000 37.104115 8.880350
20.000000 37.130699 12.844082
20.033333 37.130699 12.851211
20.066667 37.130699 12.882150
20.100000 37.130699 12.915707
20.133333 37.130699 12.951860
20.166667 37.130699 12.990590
20.200000 37.130699 13.031873
20.233333 37.130699 13.075686
20.266667 37.130699 13.101351
20.300000 37.130699 13.093039
20.333333 37.130699 13.071179
20.366667 37.130699 13.051693
20.400000 37.130699 13.034587
20.433333 37.130699 13.019872
20.466667 37.130699 13.007555
20.500000 37.130699 12.997643
20.533333 37.130699 12.972244
20.566667 37.130699 12.941492
20.600000 37.130699 12.913934
20.633333 37.130699 12.889594
20.666667 37.130699 12.868489
20.700000 37.130699 12.850634
20.733333 37.130699 12.836044
20.766667 37.130699 12.829135
20.800000 37.130699 12.840912
20.833333 37.130699 12.867590
20.866667 37.130699 12.899754
20.900000 37.130699 12.937364
20.933333 37.130699 12.980371
20.966667 37.130699 13.028725
21.000000 37.130699 13.082364
21.033333 37.130699 13.018231
21.066667 37.130699 12.835873
21.100000 37.130699 12.658522
21.133333 37.130699 12.486390
21.166667 37.130699 12.319700
21.200000 37.130699 12.158671
21.233333 37.130699 12.003536
21.266667 37.130699 11.772215
21.300000 37.130699 11.386508
21.333333 37.130699 10.929063
21.366667 37.130699 10.477095
21.400000 37.130699 10.031343
21.433333 37.130699 9.592674
21.466667 37.130699 9.162107
21.500000 37.130699 8.740835
20.000000 37.157275 12.889806
20.033333 37.157275 12.893945
20.066667 37.157275 12.921277
20.100000 37.157275 12.951273
20.133333 37.157275 12.983914
20.166667 37.157275 13.019181
20.200000 37.157275 13.057052
20.233333 37.157275 13.097502
20.266667 37.157275 13.119628
20.300000 37.157275 13.107503
20.333333 37.157275 13.081784
20.366667 37.157275 13.058470
20.400000 37.157275 13.037573
20.433333 37.157275 13.019108
20.466667 37.157275 13.003082
20.500000 37.157275 12.989504
20.533333 37.157275 12.959423
20.566667 37.157275 12.924464
20.600000 37.157275 12.892871
20.633333 37.157275 12.864663
20.666667 37.157275 12.839867
20.700000 37.157275 12.818500
20.733333 37.157275 12.800581
20.766667 37.157275 12.791524
20.800000 37.157275 12.803460
20.833333 37.157275 12.831629
20.866667 37.157275 12.865530
20.900000 37.157275 12.905115
20.933333 37.157275 12.950333
20.966667 37.157275 13.001123
21.000000 37.157275 13.057425
21.033333 37.157275 12.992154
21.066667 37.157275 12.805369
21.100000 37.157275 12.624179
21.133333 37.157275 12.448829
21.166667 37.157275 12.279569
21.200000 37.157275 12.116655
21.233333 37.157275 11.960345
21.266667 37.157275 11.724355
21.300000 37.157275 11.326990
21.333333 37.157275 10.855119
21.366667 37.157275 10.389146
21.400000 37.157275 9.929901
21.433333 37.157275 9.478363
21.466667 37.157275 9.035687
21.500000 37.157275 8.603242
20.000000 37.183841 12.937277
20.033333 37.183841 12.938399
20.066667 37.183841 12.962102
20.100000 37.183841 12.988513
20.133333 37.183841 13.017614
20.166667 37.183841 13.049389
20.200000 37.183841 13.083816
20.233333 37.183841 13.120877
20.266667 37.183841 13.139430
20.300000 37.183841 13.123466
20.333333 37.183841 13.093862
20.366667 37.183841 13.066694
20.400000 37.183841 13.041980
20.433333 37.183841 13.019732
20.466667 37.183841 12.999964
20.500000 37.183841 12.982686
20.533333 37.183841 12.947823
20.566667 37.183841 12.908559
20.600000 37.183841 12.872827
20.633333 37.183841 12.840656
20.666667 37.183841 12.812074
20.700000 37.183841 12.787105
20.733333 37.183841 12.765768
20.766667 37.183841 12.754485
20.800000 37.183841 12.766503
20.833333 37.183841 12.796092
20.866667 37.183841 12.831660
20.900000 37.183841 12.873161
20.933333 37.183841 12.920535
20.966667 37.183841 12.973719
21.000000 37.183841 13.032642
21.033333 37.183841 12.966150
21.066667 37.183841 12.774890
21.100000 37.183841 12.589849
21.133333 37.183841 12.411303
21.166667 37.183841 12.239536
21.200000 37.183841 12.074837
21.233333 37.183841 11.917501
21.266667 37.183841 11.676964
21.300000 37.183841 11.268030
21.333333 37.183841 10.781852
21.366667 37.183841 10.302026
21.400000 37.183841 9.829484
21.433333 37.183841 9.365326
21.466667 37.183841 8.910864
21.500000 37.183841 8.467658
20.000000 37.210398 12.986475
20.033333 37.210398 12.984554
20.066667 37.210398 13.004605
20.100000 37.210398 13.027409
20.133333 37.210398 13.052944
20.166667 37.210398 13.081201
20.200000 37.210398 13.112157
20.233333 37.210398 13.145796
20.266667 37.210398 13.160748
20.300000 37.210398 13.140921
20.333333 37.210398 13.107406
20.366667 37.210398 13.076361
20.400000 37.210398 13.047800
20.433333 37.210398 13.021744
20.466667 37.210398 12.998203
20.500000 37.210398 12.977193
20.533333 37.210398 12.937445
20.566667 37.210398 12.893775
20.600000 37.210398 12.853806
20.633333 37.210398 12.817577
20.666667 37.210398 12.785115
20.700000 37.210398 12.756454
20.733333 37.210398 12.731613
20.766667 37.210398 12.718022
20.800000 37.210398 12.730045
20.833333 37.210398 12.760978
20.866667 37.210398 12.798149
20.900000 37.210398 12.841505
20.933333 37.210398 12.890982
20.966667 37.210398 12.946510
21.000000 37.210398 13.008015
21.033333 37.210398 12.940219
21.066667 37.210398 12.744439
21.100000 37.210398 12.555531
21.133333 37.210398 12.373813
21.166667 37.210398 12.199599
21.200000 37.210398 12.033220
21.233333 37.210398 11.875007
21.266667 37.210398 11.630051
21.300000 37.210398 11.209633
21.333333 37.210398 10.709273
21.366667 37.210398 10.215756
21.400000 37.210398 9.730121
21.433333 37.210398 9.253606
21.466667 37.210398 8.787699
21.500000 37.210398 8.334178
20.000000 37.236945 13.037377
20.033333 37.236945 13.032390
20.066667 37.236945 13.048771
20.100000 37.236945 13.067944
20.133333 37.236945 13.089892
20.166667 37.236945 13.114603
20.200000 37.236945 13.142060
20.233333 37.236945 13.172249
20.266667 37.236945 13.183576
20.300000 37.236945 13.159861
20.333333 37.236945 13.122413
20.366667 37.236945 13.087465
20.400000 37.236945 13.055034
20.433333 37.236945 13.025139
20.466667 37.236945 12.997797
20.500000 37.236945 12.973025
20.533333 37.236945 12.928292
20.566667 37.236945 12.880117
20.600000 37.236945 12.835815
20.633333 37.236945 12.795430
20.666667 37.236945 12.758997
20.700000 37.236945 12.726550
20.733333 37.236945 12.698120
20.766667 37.236945 12.682141
20.800000 37.236945 12.694091
20.833333 37.236945 12.726292
20.866667 37.236945 12.764999
20.900000 37.236945 12.810148
20.933333 37.236945 12.861673
20.966667 37.236945 12.919500
21.000000 37.236945 12.983543
21.033333 37.236945 12.914361
21.066667 37.236945 12.714013
21.100000 37.236945 12.521227
21.133333 37.236945 12.336355
21.166667 37.236945 12.159760
21.200000 37.236945 11.991808
21.233333 37.236945 11.832865
21.266667 37.236945 11.583616
21.300000 37.236945 11.151809
21.333333 37.236945 10.637400
21.366667 37.236945 10.130355
21.400000 37.236945 9.631841
21.433333 37.236945 9.143249
21.466667 37.236945 8.666261
21.500000 37.236945 8.202900
20.000000 37.263483 13.058826
20.033333 37.263483 13.049904
20.066667 37.263483 13.061801
20.100000 37.263483 13.076511
20.133333 37.263483 13.094026
20.166667 37.263483 13.114334
20.200000 37.263483 13.137421
20.233333 37.263483 13.163274
20.266667 37.263483 13.170442
20.300000 37.263483 13.143261
20.333333 37.263483 13.102904
20.366667 37.263483 13.065105
20.400000 37.263483 13.029889
20.433333 37.263483 12.997273
20.466667 37.263483 12.967277
20.500000 37.263483 12.939921
20.533333 37.263483 12.890560
20.566667 37.263483 12.837396
20.600000 37.263483 12.788285
20.633333 37.263483 12.743277
20.666667 37.263483 12.702412
20.700000 37.263483 12.665730
20.733333 37.263483 12.633270
20.766667 37.263483 12.612416
20.800000 37.263483 12.617779
20.833333 37.263483 12.642753
20.866667 37.263483 12.674490
20.900000 37.263483 12.712944
20.933333 37.263483 12.758051
20.966667 37.263483 12.809745
21.000000 37.263483 12.867942
21.033333 37.263483 12.792850
21.066667 37.263483 12.587420
21.100000 37.263483 12.390374
21.133333 37.263483 12.202119
21.166667 37.263483 12.023070
21.200000 37.263483 11.853642
21.233333 37.263483 11.694254
21.266667 37.263483 11.443998
21.300000 37.263483 11.010029
21.333333 37.263483 10.493872
21.366667 37.263483 9.985615
21.400000 37.263483 9.486534
21.433333 37.263483 8.998151
21.466667 37.263483 8.522307
21.500000 37.263483 8.061225
20.000000 37.290012 13.057710
20.033333 37.290012 13.044167
20.066667 37.290012 13.050921
20.100000 37.290012 13.060487
20.133333 37.290012 13.072855
20.166667 37.290012 13.088018
20.200000 37.290012 13.105970
20.233333 37.290012 13.126694
20.266667 37.290012 13.129031
20.300000 37.290012 13.098421
20.333333 37.290012 13.055778
20.366667 37.290012 13.015795
20.400000 37.290012 12.978495
20.433333 37.290012 12.943901
20.466667 37.290012 12.912037
20.500000 37.290012 12.882921
20.533333 37.290012 12.829074
20.566667 37.290012 12.770269
20.600000 37.290012 12.715700
20.633333 37.290012 12.665421
20.666667 37.290012 12.619480
20.700000 37.290012 12.577929
20.733333 37.290012 12.540810
20.766667 37.290012 12.512387
20.800000 37.290012 12.504515
20.833333 37.290012 12.513708
20.866667 37.290012 12.529947
20.900000 37.290012 12.553202
20.933333 37.290012 12.583434
20.966667 37.290012 12.620591
21.000000 37.290012 12.664615
21.033333 37.290012 12.578997
21.066667 37.290012 12.367811
21.100000 37.290012 12.166036
21.133333 37.290012 11.974145
21.166667 37.290012 11.792624
21.200000 37.290012 11.621958
21.233333 37.290012 11.462629
21.266667 37.290012 11.214759
21.300000 37.290012 10.787681
21.333333 37.290012 10.281812
21.366667 37.290012 9.784402
21.400000 37.290012 9.296814
21.433333 37.290012 8.820675
21.466667 37.290012 8.357939
21.500000 37.290012 7.910963
20.000000 37.316531 13.064754
20.033333 37.316531 13.046750
20.066667 37.316531 13.048502
20.100000 37.316531 13.053044
20.133333 37.316531 13.060374
20.166667 37.316531 13.070488
20.200000 37.316531 13.083377
20.233333 37.316531 13.099035
20.266667 37.316531 13.096355
20.300000 37.316531 13.061894
20.333333 37.316531 13.016545
20.366667 37.316531 12.973963
20.400000 37.316531 12.934175
20.433333 37.316531 12.897208
20.466667 37.316531 12.863088
20.500000 37.316531 12.831833
20.533333 37.316531 12.773189
20.566667 37.316531 12.708448
20.600000 37.316531 12.648121
20.633333 37.316531 12.592267
20.666667 37.316531 12.540949
20.700000 37.316531 12.494219
20.733333 37.316531 12.452134
20.766667 37.316531 12.415755
20.800000 37.316531 12.394199
20.833333 37.316531 12.387197
20.866667 37.316531 12.387538
20.900000 37.316531 12.395216
20.933333 37.316531 12.410221
20.966667 37.316531 12.432524
21.000000 37.316531 12.462086
21.033333 37.316531 12.365565
21.066667 37.316531 12.148361
21.100000 37.316531 11.941712
21.133333 37.316531 11.746176
21.166667 37.316531 11.562315
21.200000 37.316531 11.390696
21.233333 37.316531 11.231879
21.266667 37.316531 10.986793
21.300000 37.316531 10.566849
21.333333 37.316531 10.071560
21.366667 37.316531 9.585338
21.400000 37.316531 9.109637
21.433333 37.316531 8.646194
21.466667 37.316531 8.197085
21.500000 37.316531 7.764802
20.000000 37.343041 13.075534
20.033333 37.343041 13.053099
20.066667 37.343041 13.049877
20.100000 37.343041 13.049423
20.133333 37.343041 13.051736
20.166667 37.343041 13.056814
20.200000 37.343041 13.064656
20.233333 37.343041 13.075255
20.266667 37.343041 13.067505
20.300000 37.343041 13.029061
20.333333 37.343041 12.980864
20.366667 37.343041 12.935539
20.400000 37.343041 12.893124
20.433333 37.343041 12.853642
20.466667 37.343041 12.817123
20.500000 37.343041 12.783593
20.533333 37.343041 12.719978
20.566667 37.343041 12.649144
20.600000 37.343041 12.582897
20.633333 37.343041 12.521311
20.666667 37.343041 12.464452
20.700000 37.343041 12.412388
20.733333 37.343041 12.365179
20.766667 37.343041 12.320688
20.800000 37.343041 12.285302
20.833333 37.343041 12.261962
20.866667 37.343041 12.246255
20.900000 37.343041 12.238209
20.933333 37.343041 12.237834
20.966667 37.343041 12.245138
21.000000 37.343041 12.260105
21.033333 37.343041 12.152444
21.066667 37.343041 11.929064
21.100000 37.343041 11.717473
21.133333 37.343041 11.518316
21.166667 37.343041 11.332253
21.200000 37.343041 11.159936
21.233333 37.343041 11.002012
21.266667 37.343041 10.760040
21.300000 37.343041 10.347437
21.333333 37.343041 9.862969
21.366667 37.343041 9.388211
21.400000 37.343041 8.924716
21.433333 37.343041 8.474329
21.466667 37.343041 8.039256
21.500000 37.343041 7.622118
20.000000 37.369541 13.090035
20.033333 37.369541 13.063205
20.066667 37.369541 13.055043
20.100000 37.369541 13.049622
20.133333 37.369541 13.046944
20.166667 37.369541 13.047009
20.200000 37.369541 13.049821
20.233333 37.369541 13.055376
20.266667 37.369541 13.042500
20.300000 37.369541 12.999949
20.333333 37.369541 12.948757
20.366667 37.369541 12.900553
20.400000 37.369541 12.855366
20.433333 37.369541 12.813231
20.466667 37.369541 12.774176
20.500000 37.369541 12.738230
20.533333 37.369541 12.669469
20.566667 37.369541 12.592385
20.600000 37.369541 12.520062
20.633333 37.369541 12.452584
20.666667 37.369541 12.390029
20.700000 37.369541 12.332470
20.733333 37.369541 12.279979
20.766667 37.369541 12.227221
20.800000 37.369541 12.177857
20.833333 37.369541 12.138041
20.866667 37.369541 12.106136
20.900000 37.369541 12.082211
20.933333 37.369541 12.066310
20.966667 37.369541 12.058465
21.000000 37.369541 12.058691
21.033333 37.369541 11.939646
21.066667 37.369541 11.709925
21.100000 37.369541 11.493314
21.133333 37.369541 11.290567
21.166667 37.369541 11.102446
21.200000 37.369541 10.929703
21.233333 37.369541 10.773079
21.266667 37.369541 10.534575
21.300000 37.369541 10.129531
21.333333 37.369541 9.656140
21.366667 37.369541 9.193143
21.400000 37.369541 8.742188
21.433333 37.369541 8.305241
21.466667 37.369541 7.884627
21.500000 37.369541 7.483105
20.000000 37.396033 13.108244
20.033333 37.396033 13.077053
20.066667 37.396033 13.063991
20.100000 37.396033 13.053636
20.133333 37.396033 13.045998
20.166667 37.396033 13.041078
20.200000 37.396033 13.038880
20.233333 37.396033 13.039409
20.266667 37.396033 13.021360
20.300000 37.396033 12.974574
20.333333 37.396033 12.920253
20.366667 37.396033 12.869025
20.400000 37.396033 12.820930
20.433333 37.396033 12.776000
20.466667 37.396033 12.734270
20.500000 37.396033 12.695771
20.533333 37.396033 12.621693
20.566667 37.396033 12.538206
20.600000 37.396033 12.459652
20.633333 37.396033 12.386126
20.666667 37.396033 12.317712
20.700000 37.396033 12.254500
20.733333 37.396033 12.196571
20.766667 37.396033 12.135386
20.800000 37.396033 12.071902
20.833333 37.396033 12.015468
20.866667 37.396033 11.967220
20.900000 37.396033 11.927262
20.933333 37.396033 11.895677
20.966667 37.396033 11.872530
21.000000 37.396033 11.857872
21.033333 37.396033 11.727182
21.066667 37.396033 11.490946
21.100000 37.396033 11.269239
21.133333 37.396033 11.062933
21.166667 37.396033 10.872906
21.200000 37.396033 10.700026
21.233333 37.396033 10.545135
21.266667 37.396033 10.310472
21.300000 37.396033 9.913223
21.333333 37.396033 9.451183
21.366667 37.396033 9.000256
21.400000 37.396033 8.562200
21.433333 37.396033 8.139091
21.466667 37.396033 7.733384
21.500000 37.396033 7.347962
20.000000 37.422515 13.130140
20.033333 37.422515 13.094632
20.066667 37.422515 13.076709
20.100000 37.422515 13.061460
20.133333 37.422515 13.048894
20.166667 37.422515 13.039018
20.200000 37.422515 13.031839
20.233333 37.422515 13.027361
20.266667 37.422515 13.004101
20.300000 37.422515 12.952958
20.333333 37.422515 12.895368
20.366667 37.422515 12.840981
20.400000 37.422515 12.789837
20.433333 37.422515 12.741976
20.466667 37.422515 12.697433
20.500000 37.422515 12.656245
20.533333 37.422515 12.576677
20.566667 37.422515 12.486637
20.600000 37.422515 12.401698
20.633333 37.422515 12.321963
20.666667 37.422515 12.247536
20.700000 37.422515 12.178514
20.733333 37.422515 12.114988
20.766667 37.422515 12.045223
20.800000 37.422515 11.967475
20.833333 37.422515 11.894283
20.866667 37.422515 11.829545
20.900000 37.422515 11.773400
20.933333 37.422515 11.725972
20.966667 37.422515 11.687367
21.000000 37.422515 11.657673
21.033333 37.422515 11.515069
21.066667 37.422515 11.272134
21.100000 37.422515 11.045246
21.133333 37.422515 10.835413
21.166667 37.422515 10.643645
21.200000 37.422515 10.470934
21.233333 37.422515 10.318236
21.266667 37.422515 10.087820
21.300000 37.422515 9.698613
21.333333 37.422515 9.248214
21.366667 37.422515 8.809690
21.400000 37.422515 8.384907
21.433333 37.422515 7.976059
21.466667 37.422515 7.585722
21.500000 37.422515 7.216902
20.000000 37.448987 13.155701
20.033333 37.448987 13.115919
20.066667 37.448987 13.093183
20.100000 37.448987 13.073081
20.133333 37.448987 13.055627
20.166667 37.448987 13.040830
20.200000 37.448987 13.028700
20.233333 37.448987 13.019242
20.266667 37.448987 12.990731
20.300000 37.448987 12.935114
20.333333 37.448987 12.874121
20.366667 37.448987 12.816438
20.400000 37.448987 12.762108
20.433333 37.448987 12.711178
20.466667 37.448987 12.663687
20.500000 37.448987 12.619674
20.533333 37.448987 12.534450
20.566667 37.448987 12.437707
20.600000 37.448987 12.346230
20.633333 37.448987 12.260135
20.666667 37.448987 12.179537
20.700000 37.448987 12.104546
20.733333 37.448987 12.035265
20.766667 37.448987 11.956762
20.800000 37.448987 11.864611
20.833333 37.448987 11.774529
20.866667 37.448987 11.693152
20.900000 37.448987 11.620666
20.933333 37.448987 11.557235
20.966667 37.448987 11.503010
21.000000 37.448987 11.458120
21.033333 37.448987 11.303321
21.066667 37.448987 11.053493
21.100000 37.448987 10.821337
21.133333 37.448987 10.608012
21.166667 37.448987 10.414677
21.200000 37.448987 10.242462
21.233333 37.448987 10.092450
21.266667 37.448987 9.866708
21.300000 37.448987 9.485809
21.333333 37.448987 9.047359
21.366667 37.448987 8.621593
21.400000 37.448987 8.210479
21.433333 37.448987 7.816331
21.466667 37.448987 7.441848
21.500000 37.448987 7.090143
20.000000 37.475450 13.184900
20.033333 37.475450 13.140892
20.066667 37.475450 13.113394
20.100000 37.475450 13.088487
20.133333 37.475450 13.066186
20.166667 37.475450 13.046507
20.200000 37.475450 13.029461
20.233333 37.475450 13.015058
20.266667 37.475450 12.981260
20.300000 37.475450 12.921054
20.333333 37.475450 12.856524
20.366667 37.475450 12.795411
20.400000 37.475450 12.737762
20.433333 37.475450 12.683629
20.466667 37.475450 12.633053
20.500000 37.475450 12.586080
20.533333 37.475450 12.495033
20.566667 37.475450 12.391444
20.600000 37.475450 12.293280
20.633333 37.475450 12.200672
20.666667 37.475450 12.113748
20.700000 37.475450 12.032629
20.733333 37.475450 11.957436
20.766667 37.475450 11.870042
20.800000 37.475450 11.763350
20.833333 37.475450 11.656245
20.866667 37.475450 11.558084
20.900000 37.475450 11.469099
20.933333 37.475450 11.389503
20.966667 37.475450 11.319491
21.000000 37.475450 11.259250
21.033333 37.475450 11.091954
21.066667 37.475450 10.835030
21.100000 37.475450 10.597510
21.133333 37.475450 10.380730
21.166667 37.475450 10.186013
21.200000 37.475450 10.014646
21.233333 37.475450 9.867846
21.266667 37.475450 9.647233
21.300000 37.475450 9.274929
21.333333 37.475450 8.848759
21.366667 37.475450 8.436119
21.400000 37.475450 8.039093
21.433333 37.475450 7.660109
21.466667 37.475450 7.301977
21.500000 37.475450 6.967914
20.000000 37.501904 13.213503
20.033333 37.501904 13.165299
20.066667 37.501904 13.133007
20.100000 37.501904 13.103255
20.133333 37.501904 13.076062
20.166667 37.501904 13.051445
20.200000 37.501904 13.029417
20.233333 37.501904 13.009991
20.266667 37.501904 12.970685
20.300000 37.501904 12.905462
20.333333 37.501904 12.836905
20.366667 37.501904 12.771860
20.400000 37.501904 12.710386
20.433333 37.501904 12.652533
20.466667 37.501904 12.598350
20.500000 37.501904 12.547886
20.533333 37.501904 12.450556
20.566667 37.501904 12.339787
20.600000 37.501904 12.234594
20.633333 37.501904 12.135125
20.666667 37.501904 12.041518
20.700000 37.501904 11.953915
20.733333 37.501904 11.872443
20.766667 37.501904 11.775681
20.800000 37.501904 11.653820
20.833333 37.501904 11.529028
20.866667 37.501904 11.413416
20.900000 37.501904 11.307270
20.933333 37.501904 11.210856
20.966667 37.501904 11.124427
21.000000 37.501904 11.048220
21.033333 37.501904 10.867627
21.066667 37.501904 10.602745
21.100000 37.501904 10.359099
21.133333 37.501904 10.138217
21.166667 37.501904 9.941620
21.200000 37.501904 9.770770
21.233333 37.501904 9.627041
21.266667 37.501904 9.411653
21.300000 37.501904 9.048402
21.333333 37.501904 8.635275
21.366667 37.501904 8.236603
21.400000 37.501904 7.854584
21.433333 37.501904 7.491768
21.466667 37.501904 7.151079
21.500000 37.501904 6.835824
20.000000 37.528348 13.192027
20.033333 37.528348 13.139548
20.066667 37.528348 13.101613
20.100000 37.528348 13.066090
20.133333 37.528348 13.032994
20.166667 37.528348 13.002349
20.200000 37.528348 12.974168
20.233333 37.528348 12.948472
20.266667 37.528348 12.901217
20.300000 37.528348 12.826838
20.333333 37.528348 12.749504
20.366667 37.528348 12.675687
20.400000 37.528348 12.605444
20.433333 37.528348 12.538836
20.466667 37.528348 12.475924
20.500000 37.528348 12.416761
20.533333 37.528348 12.309118
20.566667 37.528348 12.188534
20.600000 37.528348 12.073621
20.633333 37.528348 11.964543
20.666667 37.528348 11.861464
20.700000 37.528348 11.764539
20.733333 37.528348 11.673920
20.766667 37.528348 11.563259
20.800000 37.528348 11.419502
20.833333 37.528348 11.269753
20.866667 37.528348 11.129604
20.900000 37.528348 10.999422
20.933333 37.528348 10.879564
20.966667 37.528348 10.770375
21.000000 37.528348 10.672183
21.033333 37.528348 10.471647
21.066667 37.528348 10.190262
21.100000 37.528348 9.931703
21.133333 37.528348 9.697797
21.166667 37.528348 9.490368
21.200000 37.528348 9.311185
21.233333 37.528348 9.161904
21.266667 37.528348 8.947091
21.300000 37.528348 8.595286
21.333333 37.528348 8.201036
21.366667 37.528348 7.822633
21.400000 37.528348 7.462487
21.433333 37.528348 7.123369
21.466667 37.528348 6.808421
21.500000 37.528348 6.521147
20.000000 37.554784 13.171959
20.033333 37.554784 13.116732
20.066667 37.554784 13.074681
20.100000 37.554784 13.034870
20.133333 37.554784 12.997319
20.166667 37.554784 12.962048
20.200000 37.554784 12.929075
20.233333 37.554784 12.898417
20.266667 37.554784 12.843945
20.300000 37.554784 12.760559
20.333333 37.554784 12.674570
20.366667 37.554784 12.592067
20.400000 37.554784 12.513115
20.433333 37.554784 12.437784
20.466667 37.554784 12.366139
20.500000 37.554784 12.298246
20.533333 37.554784 12.180310
20.566667 37.554784 12.049890
20.600000 37.554784 11.925174
20.633333 37.554784 11.806347
20.666667 37.554784 11.693587
20.700000 37.554784 11.587071
20.733333 37.554784 11.486974
20.766667 37.554784 11.361173
20.800000 37.554784 11.193578
20.833333 37.554784 11.017118
20.866667 37.554784 10.850821
20.900000 37.554784 10.695160
20.933333 37.554784 10.550608
20.966667 37.554784 10.417623
21.000000 37.554784 10.296656
21.033333 37.554784 10.076582
21.066667 37.554784 9.778528
21.100000 37.554784 9.504305
21.133333 37.554784 9.256027
21.166667 37.554784 9.035836
21.200000 37.554784 8.845829
21.233333 37.554784 8.687985
21.266667 37.554784 8.471624
21.300000 37.554784 8.130330
21.333333 37.554784 7.753946
21.366667 37.554784 7.394841
21.400000 37.554784 7.055653
21.433333 37.554784 6.739389
21.466667 37.554784 6.449424
21.500000 37.554784 6.189455
20.000000 37.581209 13.156958
20.033333 37.581209 13.099190
20.066667 37.581209 13.053265
20.100000 37.581209 13.009411
20.133333 37.581209 12.967651
20.166667 37.581209 12.928001
20.200000 37.581209 12.890487
20.233333 37.581209 12.855123
20.266667 37.581209 12.793563
20.300000 37.581209 12.701176
20.333333 37.581209 12.606520
20.366667 37.581209 12.515306
20.400000 37.581209 12.427609
20.433333 37.581209 12.343504
20.466667 37.581209 12.263064
20.500000 37.581209 12.186363
20.533333 37.581209 12.057998
20.566667 37.581209 11.917591
20.600000 37.581209 11.782907
20.633333 37.581209 11.654144
20.666667 37.581209 11.531502
20.700000 37.581209 11.415174
20.733333 37.581209 11.305360
20.766667 37.581209 11.164012
20.800000 37.581209 10.972052
20.833333 37.581209 10.768378
20.866667 37.581209 10.575392
20.900000 37.581209 10.393691
20.933333 37.581209 10.223875
20.966667 37.581209 10.066547
21.000000 37.581209 9.922301
21.033333 37.581209 9.682368
21.066667 37.581209 9.367355
21.100000 37.581209 9.077224
21.133333 37.581209 8.814432
21.166667 37.581209 8.581492
21.200000 37.581209 8.380893
21.233333 37.581209 8.215005
21.266667 37.581209 7.997744
21.300000 37.581209 7.667594
21.333333 37.581209 7.309865
21.366667 37.581209 6.971042
21.400000 37.581209 6.654016
21.433333 37.581209 6.362043
21.466667 37.581209 6.098728
21.500000 37.581209 5.867924
20.000000 37.607626 13.147037
20.033333 37.607626 13.086937
20.066667 37.607626 13.037385
20.100000 37.607626 12.989740
20.133333 37.607626 12.944024
20.166667 37.607626 12.900255
20.200000 37.607626 12.858456
20.233333 37.607626 12.818644
20.266667 37.607626 12.750147
20.300000 37.607626 12.648780
20.333333 37.607626 12.545458
20.366667 37.607626 12.445524
20.400000 37.607626 12.349058
20.433333 37.607626 12.256144
20.466667 37.607626 12.166861
20.500000 37.607626 12.081289
20.533333 37.607626 11.942369
20.566667 37.607626 11.791845
20.600000 37.607626 11.647039
20.633333 37.607626 11.508166
20.666667 37.607626 11.375447
20.700000 37.607626 11.249096
20.733333 37.607626 11.129331
20.766667 37.607626 10.972032
20.800000 37.607626 10.755189
20.833333 37.607626 10.523798
20.866667 37.607626 10.303576
20.900000 37.607626 10.095252
20.933333 37.607626 9.899577
20.966667 37.607626 9.717317
21.000000 37.607626 9.549238
21.033333 37.607626 9.289097
21.066667 37.607626 8.956799
21.100000 37.607626 8.650487
21.133333 37.607626 8.373017
21.166667 37.607626 8.127341
21.200000 37.607626 7.916422
21.233333 37.607626 7.743101
21.266667 37.607626 7.525718
21.300000 37.607626 7.207474
21.333333 37.607626 6.869340
21.366667 37.607626 6.551977
21.400000 37.607626 6.258542
21.433333 37.607626 5.992553
21.466667 37.607626 5.757814
20.000000 37.634032 13.142200
20.033333 37.634032 13.079984
20.066667 37.634032 13.027057
20.100000 37.634032 12.975878
20.133333 37.634032 12.926466
20.166667 37.634032 12.878841
20.200000 37.634032 12.833023
20.233333 37.634032 12.789032
20.266667 37.634032 12.713761
20.300000 37.634032 12.603448
20.333333 37.634032 12.491480
20.366667 37.634032 12.382830
20.400000 37.634032 12.277588
20.433333 37.634032 12.175843
20.466667 37.634032 12.077682
20.500000 37.634032 11.983194
20.533333 37.634032 11.833615
20.566667 37.634032 11.672855
20.600000 37.634032 11.517787
20.633333 37.634032 11.368646
20.666667 37.634032 11.225665
20.700000 37.634032 11.089086
20.733333 37.634032 10.959146
20.766667 37.634032 10.785501
20.800000 37.634032 10.543265
20.833333 37.634032 10.283667
20.866667 37.634032 10.035653
20.900000 37.634032 9.800105
20.933333 37.634032 9.577944
20.966667 37.634032 9.370121
21.000000 37.634032 9.177610
21.033333 37.634032 8.896873
21.066667 37.634032 8.546924
21.100000 37.634032 8.224123
21.133333 37.634032 7.931785
21.166667 37.634032 7.673390
21.200000 37.634032 7.452473
21.233333 37.634032 7.272448
21.266667 37.634032 7.055880
21.300000 37.634032 6.750466
21.333333 37.634032 6.433069
21.366667 37.634032 6.138578
21.400000 37.634032 5.870442
21.433333 37.634032 5.632427
21.466667 37.634032 5.428493
20.000000 37.660430 13.142447
20.033333 37.660430 13.078330
20.066667 37.660430 13.022288
20.100000 37.660430 12.967835
20.133333 37.660430 12.914995
20.166667 37.660430 12.863784
20.200000 37.660430 12.814223
20.233333 37.660430 12.766332
20.266667 37.660430 12.684458
20.300000 37.660430 12.565252
20.333333 37.660430 12.444668
20.366667 37.660430 12.327325
20.400000 37.660430 12.213317
20.433333 37.660430 12.102736
20.466667 37.660430 11.995680
20.500000 37.660430 11.892242
20.533333 37.660430 11.731917
20.566667 37.660430 11.560820
20.600000 37.660430 11.395369
20.633333 37.660430 11.235810
20.666667 37.660430 11.082403
20.700000 37.660430 10.935403
20.733333 37.660430 10.795073
20.766667 37.660430 10.604694
20.900000 37.660430 9.508546
20.933333 37.660430 9.259239
20.966667 37.660430 9.025179
21.000000 37.660430 8.807579
21.033333 37.660430 8.505818
21.066667 37.660430 8.137814
21.100000 37.660430 7.798168
21.133333 37.660430 7.490739
21.166667 37.660430 7.219645
21.200000 37.660430 6.989114
21.233333 37.660430 6.803272
21.266667 37.660430 6.588661
21.300000 37.660430 6.297209
20.000000 37.686818 13.147778
20.033333 37.686818 13.081973
20.066667 37.686818 13.023077
20.100000 37.686818 12.965619
20.133333 37.686818 12.909620
20.166667 37.686818 12.855101
20.200000 37.686818 12.802075
20.233333 37.686818 12.750567
20.266667 37.686818 12.662279
20.300000 37.686818 12.534248
20.333333 37.686818 12.405096
20.366667 37.686818 12.279098
20.400000 37.686818 12.156346
20.433333 37.686818 12.036944
20.466667 37.686818 11.920992
20.500000 37.686818 11.808590
20.533333 37.686818 11.637452
20.566667 37.686818 11.455935
20.600000 37.686818 11.279995
20.633333 37.686818 11.109894
20.666667 37.686818 10.945905
20.700000 37.686818 10.788307
20.733333 37.686818 10.637383
20.900000 37.686818 9.220899
20.933333 37.686818 8.943761
20.966667 37.686818 8.682739
21.000000 37.686818 8.439336
21.033333 37.686818 8.116084
21.066667 37.686818 7.729565
21.100000 37.686818 7.372666
21.133333 37.686818 7.049887
21.166667 37.686818 6.766115
21.200000 37.686818 6.526437
21.233333 37.686818 6.335861
21.266667 37.686818 6.124619
21.300000 37.686818 5.848533
20.000000 37.713197 13.158174
20.033333 37.713197 13.090905
20.066667 37.713197 13.029417
20.100000 37.713197 12.969224
20.133333 37.713197 12.910344
20.166667 37.713197 12.852794
20.200000 37.713197 12.796594
20.233333 37.713197 12.741760
20.266667 37.713197 12.647255
20.300000 37.713197 12.510483
20.333333 37.713197 12.372828
20.366667 37.713197 12.238226
20.400000 37.713197 12.106775
20.433333 37.713197 11.978581
20.466667 37.713197 11.853749
20.500000 37.713197 11.732386
20.533333 37.713197 11.550387
20.566667 37.713197 11.358393
20.600000 37.713197 11.171878
20.633333 37.713197 10.991125
20.666667 37.713197 10.816420
20.700000 37.713197 10.648064
20.900000 37.713197 8.937529
21.033333 37.713197 7.727847
21.066667 37.713197 7.322296
21.100000 37.713197 6.947672
21.133333 37.713197 6.609237
21.166667 37.713197 6.312811
21.200000 37.713197 6.064559
21.233333 37.713197 5.870595
21.266667 37.713197 5.664493
21.300000 37.713197 5.405535
20.000000 37.739566 13.173620
20.033333 37.739566 13.105109
20.066667 37.739566 13.041296
20.100000 37.739566 12.978641
20.133333 37.739566 12.917157
20.166667 37.739566 12.856864
20.200000 37.739566 12.797779
20.233333 37.739566 12.739917
20.266667 37.739566 12.639400
20.300000 37.739566 12.493986
20.333333 37.739566 12.347912
20.366667 37.739566 12.204776
20.400000 37.739566 12.064687
20.433333 37.739566 11.927746
20.466667 37.739566 11.794070
20.500000 37.739566 11.663766
20.533333 37.739566 11.470884
20.566667 37.739566 11.268370
20.600000 37.739566 11.071220
20.633333 37.739566 10.879726
20.666667 37.739566 10.694193
20.700000 37.739566 10.514935
21.033333 37.739566 7.341319
21.066667 37.739566 6.916154
21.100000 37.739566 6.523256
21.133333 37.739566 6.168795
21.166667 37.739566 5.859748
21.200000 37.739566 5.603636
21.233333 37.739566 5.407984
21.266667 37.739566 5.209269
21.300000 37.739566 4.969683
20.000000 37.765927 13.182144
20.033333 37.765927 13.109691
20.066667 37.765927 13.039509
20.100000 37.765927 12.970279
20.133333 37.765927 12.902016
20.166667 37.765927 12.834736
20.200000 37.765927 12.768453
20.233333 37.765927 12.703184
20.266667 37.765927 12.592961
20.300000 37.765927 12.436567
20.333333 37.765927 12.280372
20.366667 37.765927 12.126954
20.400000 37.765927 11.976421
20.433333 37.765927 11.828882
20.466667 37.765927 11.684452
20.500000 37.765927 11.543245
20.533333 37.765927 11.331769
20.566667 37.765927 11.107728
20.600000 37.765927 10.888741
20.633333 37.765927 10.675117
20.666667 37.765927 10.467185
21.000000 37.765927 7.250498
21.033333 37.765927 6.870979
21.066667 37.765927 6.439994
21.100000 37.765927 6.042761
21.133333 37.765927 5.686356
21.166667 37.765927 5.378901
21.200000 37.765927 5.129206
21.233333 37.765927 4.946026
21.266667 37.765927 4.767198
20.000000 37.792277 13.186956
20.033333 37.792277 13.108467
20.066667 37.792277 13.029083
20.100000 37.792277 12.950425
20.133333 37.792277 12.872507
20.166667 37.792277 12.795343
20.200000 37.792277 12.718947
20.233333 37.792277 12.643332
20.266667 37.792277 12.521127
20.300000 37.792277 12.352500
20.333333 37.792277 12.185278
20.366667 37.792277 12.020635
20.400000 37.792277 11.858674
20.433333 37.792277 11.699511
20.466667 37.792277 11.543259
20.500000 37.792277 11.390038
20.533333 37.792277 11.152761
20.566667 37.792277 10.898153
20.600000 37.792277 10.648231
20.633333 37.792277 10.403328
20.966667 37.792277 7.058313
21.000000 37.792277 6.725536
21.033333 37.792277 6.343060
21.066667 37.792277 5.916595
21.100000 37.792277 5.525191
21.133333 37.792277 5.176805
21.166667 37.792277 4.880660
21.200000 37.792277 4.646753
21.233333 37.792277 4.484835
21.266667 37.792277 4.332474
20.000000 37.818618 13.196516
20.033333 37.818618 13.112024
20.066667 37.818618 13.023665
20.100000 37.818618 12.935838
20.133333 37.818618 12.848554
20.166667 37.818618 12.761821
20.200000 37.818618 12.675653
20.233333 37.818618 12.590060
20.266667 37.818618 12.456310
20.300000 37.818618 12.275841
20.333333 37.818618 12.097884
20.366667 37.818618 11.922293
20.400000 37.818618 11.749174
20.433333 37.818618 11.578640
20.466667 37.818618 11.410804
20.500000 37.818618 11.245790
20.533333 37.818618 10.981192
20.566667 37.818618 10.694845
20.600000 37.818618 10.412804
20.933333 37.818618 6.920177
20.966667 37.818618 6.547593
21.000000 37.818618 6.199491
21.033333 37.818618 5.814616
21.066667 37.818618 5.393029
21.100000 37.818618 5.007718
21.133333 37.818618 4.667672
21.166667 37.818618 4.383440
21.200000 37.818618 4.166459
20.000000 37.844950 13.211819
20.033333 37.844950 13.121721
20.066667 37.844950 13.024985
20.100000 37.844950 12.928611
20.133333 37.844950 12.832606
20.166667 37.844950 12.736980
20.200000 37.844950 12.641742
20.233333 37.844950 12.546899
20.266667 37.844950 12.402219
20.300000 37.844950 12.210294
20.333333 37.844950 12.021882
20.366667 37.844950 11.835616
20.400000 37.844950 11.651598
20.433333 37.844950 11.469937
20.466667 37.844950 11.290749
20.500000 37.844950 11.114150
20.533333 37.844950 10.822228
20.566667 37.844950 10.504444
20.600000 37.844950 10.190503
20.900000 37.844950 6.845844
20.933333 37.844950 6.432948
20.966667 37.844950 6.041670
21.000000 37.844950 5.676486
21.033333 37.844950 5.288273
21.066667 37.844950 4.870646
21.100000 37.844950 4.490685
20.000000 37.871273 13.232839
20.033333 37.871273 13.137538
20.066667 37.871273 13.033032
20.100000 37.871273 12.928747
20.133333 37.871273 12.824691
20.166667 37.871273 12.720866
20.200000 37.871273 12.617281
20.233333 37.871273 12.513940
20.266667 37.871273 12.358981
20.300000 37.871273 12.156025
20.333333 37.871273 11.957475
20.366667 37.871273 11.760844
20.400000 37.871273 11.566232
20.433333 37.871273 11.373739
20.466667 37.871273 11.183476
20.500000 37.871273 10.995558
20.533333 37.871273 10.676417
20.566667 37.871273 10.327646
20.600000 37.871273 9.982186
20.800000 37.871273 7.786218
20.833333 37.871273 7.307254
20.866667 37.871273 6.840321
20.900000 37.871273 6.388057
20.933333 37.871273 5.953806
20.966667 37.871273 5.541803
21.000000 37.871273 5.157385
21.033333 37.871273 4.764667
21.066667 37.871273 4.349801
21.100000 37.871273 3.974194
20.000000 37.897586 13.259542
20.033333 37.897586 13.159448
20.066667 37.897586 13.047786
20.100000 37.897586 12.936240
20.133333 37.897586 12.824809
20.166667 37.897586 12.713500
20.200000 37.897586 12.602314
20.233333 37.897586 12.491256
20.266667 37.897586 12.326700
20.300000 37.897586 12.113173
20.333333 37.897586 11.904840
20.366667 37.897586 11.698196
20.400000 37.897586 11.493334
20.433333 37.897586 11.290348
20.466667 37.897586 11.089343
20.500000 37.897586 10.890428
20.533333 37.897586 10.544287
20.566667 37.897586 10.165143
20.600000 37.897586 9.788723
20.766667 37.897586 7.898662
20.800000 37.897586 7.407316
20.833333 37.897586 6.906834
20.866667 37.897586 6.417593
20.900000 37.897586 5.942372
20.933333 37.897586 5.484817
20.966667 37.897586 5.049729
21.000000 37.897586 4.643432
21.033333 37.897586 4.244735
21.066667 37.897586 3.831045
21.100000 37.897586 3.458402
20.000000 37.923889 13.291890
20.033333 37.923889 13.187412
20.066667 37.923889 13.069218
20.100000 37.923889 12.951066
20.133333 37.923889 12.832955
20.166667 37.923889 12.714889
20.200000 37.923889 12.596868
20.233333 37.923889 12.478890
20.266667 37.923889 12.305449
20.300000 37.923889 12.081847
20.333333 37.923889 11.864120
20.366667 37.923889 11.647853
20.400000 37.923889 11.433129
20.433333 37.923889 11.220037
20.466667 37.923889 11.008670
20.500000 37.923889 10.799131
20.533333 37.923889 10.426339
20.566667 37.923889 10.017610
20.600000 37.923889 9.610993
20.633333 37.923889 9.206766
20.733333 37.923889 8.012035
20.766667 37.923889 7.562502
20.800000 37.923889 7.046502
20.833333 37.923889 6.523872
20.866667 37.923889 6.011325
20.900000 37.923889 5.511672
20.933333 37.923889 5.028760
20.966667 37.923889 4.567900
21.000000 37.923889 4.136469
21.033333 37.923889 3.729931
21.066667 37.923889 3.315269
21.100000 37.923889 2.943581
20.000000 37.950184 13.329834
20.033333 37.950184 13.221386
20.066667 37.950184 13.097288
20.100000 37.950184 12.973194
20.133333 37.950184 12.849105
20.166667 37.950184 12.725019
20.200000 37.950184 12.600939
20.233333 37.950184 12.476863
20.266667 37.950184 12.295276
20.300000 37.950184 12.062125
20.333333 37.950184 11.835425
20.366667 37.950184 11.609962
20.400000 37.950184 11.385805
20.433333 37.950184 11.163037
20.466667 37.950184 10.941742
20.500000 37.950184 10.722010
20.533333 37.950184 10.323046
20.566667 37.950184 9.885701
20.600000 37.950184 9.449859
20.633333 37.950184 9.015738
20.666667 37.950184 8.583597
20.700000 37.950184 8.153753
20.733333 37.950184 7.726588
20.766667 37.950184 7.247134
20.800000 37.950184 6.706652
20.833333 37.950184 6.161581
20.866667 37.950184 5.625032
20.900000 37.950184 5.099697
20.933333 37.950184 4.589427
20.966667 37.950184 4.099853
21.000000 37.950184 3.639335
21.033333 37.950184 3.222619
21.066667 37.950184 2.804012
21.100000 37.950184 2.430228
20.000000 37.976469 13.373321
20.033333 37.976469 13.261318
20.066667 37.976469 13.131947
20.100000 37.976469 13.002579
20.133333 37.976469 12.873218
20.166667 37.976469 12.743862
20.200000 37.976469 12.614512
20.233333 37.976469 12.485168
20.266667 37.976469 12.296192
20.300000 37.976469 12.054051
20.333333 37.976469 11.818830
20.366667 37.976469 11.584628
20.400000 37.976469 11.351509
20.433333 37.976469 11.119539
20.466667 37.976469 10.888795
20.500000 37.976469 10.659353
20.533333 37.976469 10.234831
20.566667 37.976469 9.770027
20.600000 37.976469 9.306164
20.633333 37.976469 8.843387
20.666667 37.976469 8.381876
20.700000 37.976469 7.921854
20.733333 37.976469 7.463596
20.766667 37.976469 6.955346
20.800000 37.976469 6.391065
20.833333 37.976469 5.823764
20.866667 37.976469 5.263057
20.900000 37.976469 4.711296
20.933333 37.976469 4.172032
20.966667 37.976469 3.650809
21.000000 37.976469 3.156575
21.033333 37.976469 2.726869
21.066667 37.976469 2.300159
21.100000 37.976469 1.919372
21.133333 37.976469 1.617279
21.166667 37.976469 1.444139
21.200000 37.976469 1.447006
21.233333 37.976469 1.624949

