Longitude Latitude Speed
22.000000 35.001969 4.732356
22.033333 35.001969 4.603939
22.066667 35.001969 4.477727
22.100000 35.001969 4.352949
22.133333 35.001969 4.229731
22.166667 35.001969 4.108214
22.200000 35.001969 3.988554
22.233333 35.001969 3.870922
22.266667 35.001969 3.758880
22.300000 35.001969 3.654149
22.333333 35.001969 3.553617
22.366667 35.001969 3.455915
22.400000 35.001969 3.361290
22.433333 35.001969 3.270010
22.466667 35.001969 3.182362
22.500000 35.001969 3.098655
22.533333 35.001969 3.022538
22.566667 35.001969 2.951441
22.600000 35.001969 2.884802
22.633333 35.001969 2.822937
22.666667 35.001969 2.766167
22.700000 35.001969 2.714813
22.733333 35.001969 2.669185
22.766667 35.001969 2.631040
22.800000 35.001969 2.601539
22.833333 35.001969 2.579299
22.866667 35.001969 2.563184
22.900000 35.001969 2.553310
22.933333 35.001969 2.549748
22.966667 35.001969 2.552526
23.000000 35.001969 2.561622
23.033333 35.001969 2.538900
23.066667 35.001969 2.493712
23.100000 35.001969 2.453724
23.133333 35.001969 2.419195
23.166667 35.001969 2.390359
23.200000 35.001969 2.367426
23.233333 35.001969 2.350568
23.266667 35.001969 2.328875
23.300000 35.001969 2.306371
23.333333 35.001969 2.292544
23.366667 35.001969 2.279832
23.400000 35.001969 2.268252
23.433333 35.001969 2.257822
23.466667 35.001969 2.248558
23.500000 35.001969 2.240474
22.000000 35.029274 4.691583
22.033333 35.029274 4.561548
22.066667 35.029274 4.433167
22.100000 35.029274 4.306152
22.133333 35.029274 4.180624
22.166667 35.029274 4.056725
22.200000 35.029274 3.934605
22.233333 35.029274 3.814437
22.266667 35.029274 3.699991
22.300000 35.029274 3.592976
22.333333 35.029274 3.490067
22.366667 35.029274 3.389904
22.400000 35.029274 3.292737
22.433333 35.029274 3.198840
22.466667 35.029274 3.108508
22.500000 35.029274 3.022061
22.533333 35.029274 2.942646
22.566667 35.029274 2.867634
22.600000 35.029274 2.797063
22.633333 35.029274 2.731277
22.666667 35.029274 2.670628
22.700000 35.029274 2.615474
22.733333 35.029274 2.566170
22.766667 35.029274 2.523867
22.800000 35.029274 2.489124
22.833333 35.029274 2.461269
22.866667 35.029274 2.439890
22.900000 35.029274 2.425157
22.933333 35.029274 2.417192
22.966667 35.029274 2.416062
23.000000 35.029274 2.421777
23.033333 35.029274 2.396786
23.066667 35.029274 2.350644
23.100000 35.029274 2.310280
23.133333 35.029274 2.276003
23.166667 35.029274 2.248091
23.200000 35.029274 2.226782
23.233333 35.029274 2.212268
23.266667 35.029274 2.192579
23.300000 35.029274 2.171831
23.333333 35.029274 2.160335
23.366667 35.029274 2.149976
23.400000 35.029274 2.140772
23.433333 35.029274 2.132738
23.466667 35.029274 2.125887
23.500000 35.029274 2.120229
22.000000 35.056569 4.648017
22.033333 35.056569 4.516315
22.066667 35.056569 4.385738
22.100000 35.056569 4.256464
22.133333 35.056569 4.128615
22.166667 35.056569 4.002327
22.200000 35.056569 3.877753
22.233333 35.056569 3.755063
22.266667 35.056569 3.638401
22.300000 35.056569 3.529445
22.333333 35.056569 3.424494
22.366667 35.056569 3.322191
22.400000 35.056569 3.222787
22.433333 35.056569 3.126559
22.466667 35.056569 3.033811
22.500000 35.056569 2.944869
22.533333 35.056569 2.862547
22.566667 35.056569 2.783964
22.600000 35.056569 2.709734
22.633333 35.056569 2.640225
22.666667 35.056569 2.575819
22.700000 35.056569 2.516906
22.733333 35.056569 2.463883
22.766667 35.056569 2.417295
22.800000 35.056569 2.377104
22.833333 35.056569 2.343345
22.866667 35.056569 2.316342
22.900000 35.056569 2.296332
22.933333 35.056569 2.283499
22.966667 35.056569 2.277964
23.000000 35.056569 2.279781
23.033333 35.056569 2.252448
23.066667 35.056569 2.205360
23.100000 35.056569 2.164748
23.133333 35.056569 2.130984
23.166667 35.056569 2.104396
23.200000 35.056569 2.085260
23.233333 35.056569 2.073781
23.266667 35.056569 2.056358
23.300000 35.056569 2.036996
23.333333 35.056569 2.027342
23.366667 35.056569 2.018825
23.400000 35.056569 2.011460
23.433333 35.056569 2.005260
23.466667 35.056569 2.000237
23.500000 35.056569 1.996397
22.000000 35.083855 4.605692
22.033333 35.083855 4.472321
22.066667 35.083855 4.339563
22.100000 35.083855 4.208042
22.133333 35.083855 4.077878
22.166667 35.083855 3.949206
22.200000 35.083855 3.822176
22.233333 35.083855 3.696956
22.266667 35.083855 3.578079
22.300000 35.083855 3.467194
22.333333 35.083855 3.360201
22.366667 35.083855 3.255752
22.400000 35.083855 3.154097
22.433333 35.083855 3.055516
22.466667 35.083855 2.960317
22.500000 35.083855 2.868835
22.533333 35.083855 2.783576
22.566667 35.083855 2.701384
22.600000 35.083855 2.623442
22.633333 35.083855 2.550140
22.666667 35.083855 2.481889
22.700000 35.083855 2.419116
22.733333 35.083855 2.362259
22.766667 35.083855 2.311263
22.800000 35.083855 2.265494
22.833333 35.083855 2.225707
22.866667 35.083855 2.192968
22.900000 35.083855 2.167597
22.933333 35.083855 2.149853
22.966667 35.083855 2.139928
23.000000 35.083855 2.137929
23.033333 35.083855 2.108415
23.066667 35.083855 2.060650
23.100000 35.083855 2.020180
23.133333 35.083855 1.987451
23.166667 35.083855 1.962850
23.200000 35.083855 1.946685
23.233333 35.083855 1.939167
23.266667 35.083855 1.924706
23.300000 35.083855 1.906993
23.333333 35.083855 1.899309
23.366667 35.083855 1.892762
23.400000 35.083855 1.887362
23.433333 35.083855 1.883121
23.466667 35.083855 1.880045
23.500000 35.083855 1.878141
22.000000 35.111132 4.564639
22.033333 35.111132 4.429603
22.066667 35.111132 4.294680
22.100000 35.111132 4.160928
22.133333 35.111132 4.028461
22.166667 35.111132 3.897412
22.200000 35.111132 3.767928
22.233333 35.111132 3.640176
22.266667 35.111132 3.519090
22.300000 35.111132 3.406288
22.333333 35.111132 3.297262
22.366667 35.111132 3.190665
22.400000 35.111132 3.086751
22.433333 35.111132 2.985797
22.466667 35.111132 2.888117
22.500000 35.111132 2.794052
22.533333 35.111132 2.705827
22.566667 35.111132 2.619993
22.600000 35.111132 2.538288
22.633333 35.111132 2.461123
22.666667 35.111132 2.388937
22.700000 35.111132 2.322197
22.733333 35.111132 2.261383
22.766667 35.111132 2.205842
22.800000 35.111132 2.154352
22.833333 35.111132 2.108396
22.866667 35.111132 2.069792
22.900000 35.111132 2.038960
22.933333 35.111132 2.016256
22.966667 35.111132 2.001956
23.000000 35.111132 1.996242
23.033333 35.111132 1.964743
23.066667 35.111132 1.916633
23.100000 35.111132 1.876786
23.133333 35.111132 1.845738
23.166667 35.111132 1.823937
23.200000 35.111132 1.811718
23.233333 35.111132 1.809275
23.266667 35.111132 1.798610
23.300000 35.111132 1.782864
23.333333 35.111132 1.777295
23.366667 35.111132 1.772858
23.400000 35.111132 1.769561
23.433333 35.111132 1.767411
23.466667 35.111132 1.766412
23.500000 35.111132 1.766566
22.000000 35.138400 4.524893
22.033333 35.138400 4.388197
22.066667 35.138400 4.251130
22.100000 35.138400 4.115164
22.133333 35.138400 3.980409
22.166667 35.138400 3.846995
22.200000 35.138400 3.715065
22.233333 35.138400 3.584783
22.266667 35.138400 3.461499
22.300000 35.138400 3.346801
22.333333 35.138400 3.235751
22.366667 35.138400 3.127012
22.400000 35.138400 3.020833
22.433333 35.138400 2.917494
22.466667 35.138400 2.817306
22.500000 35.138400 2.720618
22.533333 35.138400 2.629404
22.566667 35.138400 2.539901
22.600000 35.138400 2.454386
22.633333 35.138400 2.373289
22.666667 35.138400 2.297079
22.700000 35.138400 2.226256
22.733333 35.138400 2.161353
22.766667 35.138400 2.101119
22.800000 35.138400 2.043750
22.833333 35.138400 1.991460
22.866667 35.138400 1.946842
22.900000 35.138400 1.910432
22.933333 35.138400 1.882707
22.966667 35.138400 1.864054
23.000000 35.138400 1.854747
23.033333 35.138400 1.821506
23.066667 35.138400 1.773466
23.100000 35.138400 1.734845
23.133333 35.138400 1.706284
23.166667 35.138400 1.688294
23.200000 35.138400 1.681215
23.233333 35.138400 1.685182
23.266667 35.138400 1.679307
23.300000 35.138400 1.665907
23.333333 35.138400 1.662608
23.366667 35.138400 1.660431
23.400000 35.138400 1.659381
23.433333 35.138400 1.659460
23.466667 35.138400 1.660668
23.500000 35.138400 1.663002
22.000000 35.165659 4.486485
22.033333 35.165659 4.348137
22.066667 35.165659 4.208952
22.100000 35.165659 4.070794
22.133333 35.165659 3.933772
22.166667 35.165659 3.798009
22.200000 35.165659 3.663646
22.233333 35.165659 3.530841
22.266667 35.165659 3.405375
22.300000 35.165659 3.288806
22.333333 35.165659 3.175751
22.366667 35.165659 3.064879
22.400000 35.165659 2.956438
22.433333 35.165659 2.850703
22.466667 35.165659 2.747988
22.500000 35.165659 2.648644
22.533333 35.165659 2.554423
22.566667 35.165659 2.461231
22.600000 35.165659 2.371865
22.633333 35.165659 2.286770
22.666667 35.165659 2.206443
22.700000 35.165659 2.131422
22.733333 35.165659 2.062287
22.766667 35.165659 1.997197
22.800000 35.165659 1.933771
22.833333 35.165659 1.874965
22.866667 35.165659 1.824157
22.900000 35.165659 1.782028
22.933333 35.165659 1.749208
22.966667 35.165659 1.726226
23.000000 35.165659 1.713478
23.033333 35.165659 1.678804
23.066667 35.165659 1.631357
23.100000 35.165659 1.594729
23.133333 35.165659 1.569677
23.166667 35.165659 1.556760
23.200000 35.165659 1.556280
23.233333 35.165659 1.568249
23.266667 35.165659 1.568331
23.300000 35.165659 1.557719
23.333333 35.165659 1.556850
23.366667 35.165659 1.557085
23.400000 35.165659 1.558424
23.433333 35.165659 1.560863
23.466667 35.165659 1.564397
23.500000 35.165659 1.569020
22.000000 35.192909 4.449449
22.033333 35.192909 4.309461
22.066667 35.192909 4.168185
22.100000 35.192909 4.027862
22.133333 35.192909 3.888597
22.166667 35.192909 3.750508
22.200000 35.192909 3.613729
22.233333 35.192909 3.478414
22.266667 35.192909 3.350789
22.300000 35.192909 3.232380
22.333333 35.192909 3.117344
22.366667 35.192909 3.004359
22.400000 35.192909 2.893664
22.433333 35.192909 2.785533
22.466667 35.192909 2.680276
22.500000 35.192909 2.578246
22.533333 35.192909 2.481011
22.566667 35.192909 2.384121
22.600000 35.192909 2.290869
22.633333 35.192909 2.201717
22.666667 35.192909 2.117183
22.700000 35.192909 2.037843
22.733333 35.192909 1.964324
22.766667 35.192909 1.894201
22.800000 35.192909 1.824521
22.833333 35.192909 1.758989
22.866667 35.192909 1.701783
22.900000 35.192909 1.653766
22.933333 35.192909 1.615759
22.966667 35.192909 1.588479
23.000000 35.192909 1.572486
23.033333 35.192909 1.536770
23.066667 35.192909 1.490596
23.100000 35.192909 1.456949
23.133333 35.192909 1.436711
23.166667 35.192909 1.430450
23.200000 35.192909 1.438349
23.233333 35.192909 1.460178
23.266667 35.192909 1.467553
23.300000 35.192909 1.460233
23.333333 35.192909 1.461943
23.366667 35.192909 1.464725
23.400000 35.192909 1.468574
23.433333 35.192909 1.473480
23.466667 35.192909 1.479433
23.500000 35.192909 1.486422
22.000000 35.220149 4.413817
22.033333 35.220149 4.272203
22.066667 35.220149 4.128869
22.100000 35.220149 3.986414
22.133333 35.220149 3.844936
22.166667 35.220149 3.704547
22.200000 35.220149 3.565375
22.233333 35.220149 3.427569
22.266667 35.220149 3.297815
22.300000 35.220149 3.177605
22.333333 35.220149 3.060620
22.366667 35.220149 2.945545
22.400000 35.220149 2.832615
22.433333 35.220149 2.722095
22.466667 35.220149 2.614292
22.500000 35.220149 2.509555
22.533333 35.220149 2.409307
22.566667 35.220149 2.308721
22.600000 35.220149 2.211562
22.633333 35.220149 2.118301
22.666667 35.220149 2.029475
22.700000 35.220149 1.945693
22.733333 35.220149 1.867633
22.766667 35.220149 1.792283
22.800000 35.220149 1.716132
22.833333 35.220149 1.643633
22.866667 35.220149 1.579784
22.900000 35.220149 1.525672
22.933333 35.220149 1.482363
22.966667 35.220149 1.450825
23.000000 35.220149 1.431836
23.033333 35.220149 1.395594
23.066667 35.220149 1.351586
23.100000 35.220149 1.322220
23.133333 35.220149 1.308480
23.166667 35.220149 1.310858
23.200000 35.220149 1.329268
23.233333 35.220149 1.363060
23.266667 35.220149 1.379189
23.300000 35.220149 1.375705
23.333333 35.220149 1.380107
23.366667 35.220149 1.385531
23.400000 35.220149 1.391965
23.433333 35.220149 1.399395
23.466667 35.220149 1.407806
23.500000 35.220149 1.417180
22.000000 35.247381 4.379622
22.033333 35.247381 4.236399
22.066667 35.247381 4.091045
22.100000 35.247381 3.946494
22.133333 35.247381 3.802837
22.166667 35.247381 3.660181
22.200000 35.247381 3.518647
22.233333 35.247381 3.378376
22.266667 35.247381 3.246529
22.300000 35.247381 3.124565
22.333333 35.247381 3.005671
22.366667 35.247381 2.888542
22.400000 35.247381 2.773402
22.433333 35.247381 2.660510
22.466667 35.247381 2.550165
22.500000 35.247381 2.442711
22.533333 35.247381 2.339465
22.566667 35.247381 2.235201
22.600000 35.247381 2.134127
22.633333 35.247381 2.036718
22.666667 35.247381 1.943524
22.700000 35.247381 1.855180
22.733333 35.247381 1.772413
22.766667 35.247381 1.691633
22.800000 35.247381 1.608770
22.833333 35.247381 1.529028
22.866667 35.247381 1.458243
22.900000 35.247381 1.397778
22.933333 35.247381 1.349021
22.966667 35.247381 1.313276
23.000000 35.247381 1.291624
23.033333 35.247381 1.255547
23.066667 35.247381 1.214912
23.100000 35.247381 1.191555
23.133333 35.247381 1.186498
23.166667 35.247381 1.199972
23.200000 35.247381 1.231369
23.233333 35.247381 1.279369
23.266667 35.247381 1.305744
23.300000 35.247381 1.306633
23.333333 35.247381 1.313767
23.366667 35.247381 1.321850
23.400000 35.247381 1.330865
23.433333 35.247381 1.340795
23.466667 35.247381 1.351617
23.500000 35.247381 1.363312
22.000000 35.274603 4.339053
22.033333 35.274603 4.194411
22.066667 35.274603 4.048165
22.100000 35.274603 3.902663
22.133333 35.274603 3.757990
22.166667 35.274603 3.614245
22.200000 35.274603 3.471546
22.233333 35.274603 3.330025
22.266667 35.274603 3.197006
22.300000 35.274603 3.073817
22.333333 35.274603 2.953464
22.366667 35.274603 2.834757
22.400000 35.274603 2.717911
22.433333 35.274603 2.603179
22.466667 35.274603 2.490852
22.500000 35.274603 2.381270
22.533333 35.274603 2.275910
22.566667 35.274603 2.169234
22.600000 35.274603 2.065572
22.633333 35.274603 1.965401
22.666667 35.274603 1.869283
22.700000 35.274603 1.777874
22.733333 35.274603 1.691940
22.766667 35.274603 1.607491
22.800000 35.274603 1.519990
22.833333 35.274603 1.435144
22.866667 35.274603 1.359449
22.900000 35.274603 1.294511
22.933333 35.274603 1.242020
22.966667 35.274603 1.203604
23.000000 35.274603 1.180638
23.033333 35.274603 1.145927
23.066667 35.274603 1.109591
23.100000 35.274603 1.092667
23.133333 35.274603 1.096055
23.166667 35.274603 1.119572
23.200000 35.274603 1.161995
23.233333 35.274603 1.221357
23.266667 35.274603 1.255324
23.300000 35.274603 1.258726
23.333333 35.274603 1.266887
23.366667 35.274603 1.276100
23.400000 35.274603 1.286341
23.433333 35.274603 1.297586
23.466667 35.274603 1.309810
23.500000 35.274603 1.322985
22.000000 35.301816 4.299427
22.033333 35.301816 4.153780
22.066667 35.301816 4.007118
22.100000 35.301816 3.861132
22.133333 35.301816 3.715903
22.166667 35.301816 3.571524
22.200000 35.301816 3.428101
22.233333 35.301816 3.285760
22.266667 35.301816 3.151718
22.300000 35.301816 3.027180
22.333333 35.301816 2.905234
22.366667 35.301816 2.784816
22.400000 35.301816 2.666134
22.433333 35.301816 2.549429
22.466667 35.301816 2.434986
22.500000 35.301816 2.323139
22.533333 35.301816 2.215498
22.566667 35.301816 2.106297
22.600000 35.301816 1.999943
22.633333 35.301816 1.896915
22.666667 35.301816 1.797783
22.700000 35.301816 1.703229
22.733333 35.301816 1.614058
22.766667 35.301816 1.525992
22.800000 35.301816 1.433997
22.833333 35.301816 1.344154
22.866667 35.301816 1.263597
22.900000 35.301816 1.194207
22.933333 35.301816 1.138030
22.966667 35.301816 1.097096
23.000000 35.301816 1.073151
23.033333 35.301816 1.040134
23.066667 35.301816 1.008621
23.100000 35.301816 0.998785
23.133333 35.301816 1.011257
23.166667 35.301816 1.045241
23.200000 35.301816 1.098741
23.233333 35.301816 1.169082
23.266667 35.301816 1.210478
23.300000 35.301816 1.216754
23.333333 35.301816 1.226336
23.366667 35.301816 1.237100
23.400000 35.301816 1.249015
23.433333 35.301816 1.262048
23.466667 35.301816 1.276166
23.500000 35.301816 1.291332
22.000000 35.329020 4.261802
22.033333 35.329020 4.115251
22.066667 35.329020 3.968236
22.100000 35.329020 3.821832
22.133333 35.329020 3.676112
22.166667 35.329020 3.531161
22.200000 35.329020 3.387076
22.233333 35.329020 3.243976
22.266667 35.329020 3.108942
22.300000 35.329020 2.983057
22.333333 35.329020 2.859523
22.366667 35.329020 2.737394
22.400000 35.329020 2.616867
22.433333 35.329020 2.498174
22.466667 35.329020 2.381588
22.500000 35.329020 2.267435
22.533333 35.329020 2.157468
22.566667 35.329020 2.045700
22.600000 35.329020 1.936589
22.633333 35.329020 1.830611
22.666667 35.329020 1.728342
22.700000 35.329020 1.630480
22.733333 35.329020 1.537866
22.766667 35.329020 1.445982
22.800000 35.329020 1.349294
22.833333 35.329020 1.254198
22.866667 35.329020 1.168461
22.900000 35.329020 1.094285
22.933333 35.329020 1.034162
22.966667 35.329020 0.990652
23.000000 35.329020 0.966004
23.033333 35.329020 0.935316
23.066667 35.329020 0.909764
23.100000 35.329020 0.908540
23.133333 35.329020 0.931740
23.166667 35.329020 0.977627
23.200000 35.329020 1.043211
23.233333 35.329020 1.125053
23.266667 35.329020 1.174289
23.300000 35.329020 1.184029
23.333333 35.329020 1.195608
23.366667 35.329020 1.208497
23.400000 35.329020 1.222654
23.433333 35.329020 1.238035
23.466667 35.329020 1.254597
23.500000 35.329020 1.272292
22.000000 35.356215 4.226250
22.033333 35.356215 4.078862
22.066667 35.356215 3.931526
22.100000 35.356215 3.784736
22.133333 35.356215 3.638559
22.166667 35.356215 3.493071
22.200000 35.356215 3.348361
22.233333 35.356215 3.204537
22.266667 35.356215 3.068544
22.300000 35.356215 2.941345
22.333333 35.356215 2.816258
22.366667 35.356215 2.692449
22.400000 35.356215 2.570101
22.433333 35.356215 2.449435
22.466667 35.356215 2.330712
22.500000 35.356215 2.214244
22.533333 35.356215 2.101948
22.566667 35.356215 1.987610
22.600000 35.356215 1.875718
22.633333 35.356215 1.766734
22.666667 35.356215 1.661234
22.700000 35.356215 1.559922
22.733333 35.356215 1.463669
22.766667 35.356215 1.367756
22.800000 35.356215 1.266162
22.833333 35.356215 1.165524
22.866667 35.356215 1.074226
22.900000 35.356215 0.994843
22.933333 35.356215 0.930428
22.966667 35.356215 0.884259
23.000000 35.356215 0.859283
23.033333 35.356215 0.831835
23.066667 35.356215 0.813833
23.100000 35.356215 0.823238
23.133333 35.356215 0.859153
23.166667 35.356215 0.918471
23.200000 35.356215 0.997025
23.233333 35.356215 1.090667
23.266667 35.356215 1.148004
23.300000 35.356215 1.161750
23.333333 35.356215 1.175880
23.366667 35.356215 1.191435
23.400000 35.356215 1.208361
23.433333 35.356215 1.226601
23.466667 35.356215 1.246098
23.500000 35.356215 1.266792
22.000000 35.383400 4.192820
22.033333 35.383400 4.044667
22.066667 35.383400 3.897045
22.100000 35.383400 3.749907
22.133333 35.383400 3.603312
22.166667 35.383400 3.457327
22.200000 35.383400 3.312035
22.233333 35.383400 3.167529
22.266667 35.383400 3.030617
22.300000 35.383400 2.902147
22.333333 35.383400 2.775551
22.366667 35.383400 2.650101
22.400000 35.383400 2.525971
22.433333 35.383400 2.403363
22.466667 35.383400 2.282523
22.500000 35.383400 2.163748
22.533333 35.383400 2.049138
22.566667 35.383400 1.932250
22.600000 35.383400 1.817573
22.633333 35.383400 1.705552
22.666667 35.383400 1.596746
22.700000 35.383400 1.491859
22.733333 35.383400 1.391778
22.766667 35.383400 1.291631
22.800000 35.383400 1.184923
22.833333 35.383400 1.078440
22.866667 35.383400 0.981142
22.900000 35.383400 0.896027
22.933333 35.383400 0.826865
22.966667 35.383400 0.777924
23.000000 35.383400 0.753154
23.033333 35.383400 0.730243
23.066667 35.383400 0.721977
23.100000 35.383400 0.744564
23.133333 35.383400 0.795379
23.166667 35.383400 0.869488
23.200000 35.383400 0.961518
23.233333 35.383400 1.066843
23.266667 35.383400 1.132299
23.300000 35.383400 1.150513
23.333333 35.383400 1.167698
23.366667 35.383400 1.186402
23.400000 35.383400 1.206555
23.433333 35.383400 1.228085
23.466667 35.383400 1.250921
23.500000 35.383400 1.274994
22.000000 35.410577 4.161561
22.033333 35.410577 4.012720
22.066667 35.410577 3.864852
22.100000 35.410577 3.717407
22.133333 35.410577 3.570436
22.166667 35.410577 3.424001
22.200000 35.410577 3.278172
22.233333 35.410577 3.133035
22.266667 35.410577 2.995253
22.300000 35.410577 2.865561
22.333333 35.410577 2.737511
22.366667 35.410577 2.610476
22.400000 35.410577 2.484614
22.433333 35.410577 2.360110
22.466667 35.410577 2.237192
22.500000 35.410577 2.116136
22.533333 35.410577 1.999249
22.566667 35.410577 1.879857
22.600000 35.410577 1.762421
22.633333 35.410577 1.647359
22.666667 35.410577 1.535205
22.700000 35.410577 1.426644
22.733333 35.410577 1.322562
22.766667 35.410577 1.217994
22.800000 35.410577 1.105985
22.833333 35.410577 0.993353
22.866667 35.410577 0.889558
22.900000 35.410577 0.798059
22.933333 35.410577 0.723533
22.966667 35.410577 0.671655
23.000000 35.410577 0.647890
23.033333 35.410577 0.631434
23.066667 35.410577 0.635948
23.100000 35.410577 0.674821
23.133333 35.410577 0.742677
23.166667 35.410577 0.832459
23.200000 35.410577 0.937891
23.233333 35.410577 1.054288
23.266667 35.410577 1.127606
23.300000 35.410577 1.150628
23.333333 35.410577 1.171291
23.366667 35.410577 1.193536
23.400000 35.410577 1.217277
23.433333 35.410577 1.242427
23.466667 35.410577 1.268903
23.500000 35.410577 1.296623
22.000000 35.437744 4.132519
22.033333 35.437744 3.983073
22.066667 35.437744 3.835001
22.100000 35.437744 3.687294
22.133333 35.437744 3.539995
22.166667 35.437744 3.393158
22.200000 35.437744 3.246847
22.233333 35.437744 3.101135
22.266667 35.437744 2.962538
22.300000 35.437744 2.831686
22.333333 35.437744 2.702249
22.366667 35.437744 2.573696
22.400000 35.437744 2.446166
22.433333 35.437744 2.319829
22.466667 35.437744 2.194890
22.500000 35.437744 2.071603
22.533333 35.437744 1.952499
22.566667 35.437744 1.830680
22.600000 35.437744 1.710546
22.633333 35.437744 1.592478
22.666667 35.437744 1.476971
22.700000 35.437744 1.364677
22.733333 35.437744 1.256457
22.766667 35.437744 1.147316
22.800000 35.437744 1.029871
22.833333 35.437744 0.910812
22.866667 35.437744 0.799978
22.900000 35.437744 0.701277
22.933333 35.437744 0.620527
22.966667 35.437744 0.565472
23.000000 35.437744 0.543970
23.033333 35.437744 0.536922
23.066667 35.437744 0.558421
23.100000 35.437744 0.617024
23.133333 35.437744 0.703521
23.166667 35.437744 0.809013
23.200000 35.437744 0.927038
23.233333 35.437744 1.053391
23.266667 35.437744 1.134051
23.300000 35.437744 1.162082
23.333333 35.437744 1.186542
23.366667 35.437744 1.212612
23.400000 35.437744 1.240190
23.433333 35.437744 1.269178
23.466667 35.437744 1.299482
23.500000 35.437744 1.331012
22.000000 35.464903 4.105740
22.033333 35.464903 3.955774
22.066667 35.464903 3.807545
22.100000 35.464903 3.659624
22.133333 35.464903 3.512049
22.166667 35.464903 3.364868
22.200000 35.464903 3.218132
22.233333 35.464903 3.071907
22.266667 35.464903 2.932560
22.300000 35.464903 2.800617
22.333333 35.464903 2.669871
22.366667 35.464903 2.539879
22.400000 35.464903 2.410764
22.433333 35.464903 2.282674
22.466667 35.464903 2.155793
22.500000 35.464903 2.030346
22.533333 35.464903 1.909116
22.566667 35.464903 1.784981
22.600000 35.464903 1.662249
22.633333 35.464903 1.541256
22.666667 35.464903 1.422446
22.700000 35.464903 1.306415
22.733333 35.464903 1.193972
22.766667 35.464903 1.080171
22.800000 35.464903 0.957242
22.833333 35.464903 0.831565
22.866667 35.464903 0.713141
22.900000 35.464903 0.606233
22.933333 35.464903 0.518022
22.966667 35.464903 0.459408
23.000000 35.464903 0.442316
23.033333 35.464903 0.449400
23.066667 35.464903 0.493395
23.100000 35.464903 0.574769
23.133333 35.464903 0.680236
23.166667 35.464903 0.800328
23.200000 35.464903 0.929393
23.233333 35.464903 1.064171
23.266667 35.464903 1.151435
23.300000 35.464903 1.184535
23.333333 35.464903 1.212999
23.366667 35.464903 1.243068
23.400000 35.464903 1.274626
23.433333 35.464903 1.307566
23.466667 35.464903 1.341787
23.500000 35.464903 1.377192
22.000000 35.492052 4.081265
22.033333 35.492052 3.930871
22.066667 35.492052 3.782532
22.100000 35.492052 3.634450
22.133333 35.492052 3.486656
22.166667 35.492052 3.339189
22.200000 35.492052 3.192094
22.233333 35.492052 3.045426
22.266667 35.492052 2.905400
22.300000 35.492052 2.772445
22.333333 35.492052 2.640479
22.366667 35.492052 2.509143
22.400000 35.492052 2.378539
22.433333 35.492052 2.248796
22.466667 35.492052 2.120073
22.500000 35.492052 1.992565
22.533333 35.492052 1.869329
22.566667 35.492052 1.743027
22.600000 35.492052 1.617845
22.633333 35.492052 1.494065
22.666667 35.492052 1.372065
22.700000 35.492052 1.252367
22.733333 35.492052 1.135698
22.766667 35.492052 1.017250
22.800000 35.492052 0.888944
22.833333 35.492052 0.756636
22.866667 35.492052 0.630168
22.900000 35.492052 0.513873
22.933333 35.492052 0.416362
22.966667 35.492052 0.353537
23.000000 35.492052 0.344903
23.033333 35.492052 0.373779
23.066667 35.492052 0.446342
23.100000 35.492052 0.551615
23.133333 35.492052 0.674450
23.166667 35.492052 0.806867
23.200000 35.492052 0.944845
23.233333 35.492052 1.086268
23.266667 35.492052 1.179264
23.300000 35.492052 1.217366
23.333333 35.492052 1.249940
23.366667 35.492052 1.284082
23.400000 35.492052 1.319670
23.433333 35.492052 1.356591
23.466667 35.492052 1.394738
23.500000 35.492052 1.434014
22.000000 35.519191 4.044152
22.033333 35.519191 3.894759
22.066667 35.519191 3.747778
22.100000 35.519191 3.601004
22.133333 35.519191 3.454463
22.166667 35.519191 3.308188
22.200000 35.519191 3.162215
22.233333 35.519191 3.016587
22.266667 35.519191 2.876866
22.300000 35.519191 2.743338
22.333333 35.519191 2.610550
22.366667 35.519191 2.478271
22.400000 35.519191 2.346585
22.433333 35.519191 2.215600
22.466667 35.519191 2.085447
22.500000 35.519191 1.956293
22.533333 35.519191 1.832646
22.566667 35.519191 1.706556
22.600000 35.519191 1.581383
22.633333 35.519191 1.457360
22.666667 35.519191 1.334809
22.700000 35.519191 1.214176
22.733333 35.519191 1.096094
22.766667 35.519191 0.976120
22.800000 35.519191 0.846313
22.833333 35.519191 0.711765
22.866667 35.519191 0.581572
22.900000 35.519191 0.459448
22.933333 35.519191 0.353852
22.966667 35.519191 0.283868
23.000000 35.519191 0.277853
23.033333 35.519191 0.319868
23.066667 35.519191 0.408202
23.100000 35.519191 0.524760
23.133333 35.519191 0.654636
23.166667 35.519191 0.791299
23.200000 35.519191 0.931767
23.233333 35.519191 1.074550
23.266667 35.519191 1.169040
23.300000 35.519191 1.209115
23.333333 35.519191 1.243510
23.366667 35.519191 1.279478
23.400000 35.519191 1.316889
23.433333 35.519191 1.355626
23.466667 35.519191 1.395576
23.500000 35.519191 1.436639
22.000000 35.546322 3.994387
22.033333 35.546322 3.847816
22.066667 35.546322 3.703984
22.100000 35.546322 3.560311
22.133333 35.546322 3.416818
22.166667 35.546322 3.273528
22.200000 35.546322 3.130469
22.233333 35.546322 2.987674
22.266667 35.546322 2.849365
22.300000 35.546322 2.715687
22.333333 35.546322 2.582497
22.366667 35.546322 2.449701
22.400000 35.546322 2.317367
22.433333 35.546322 2.185577
22.466667 35.546322 2.054438
22.500000 35.546322 1.924082
22.533333 35.546322 1.801357
22.566667 35.546322 1.677032
22.600000 35.546322 1.553435
22.633333 35.546322 1.430753
22.666667 35.546322 1.309243
22.700000 35.546322 1.189266
22.733333 35.546322 1.071335
22.766667 35.546322 0.951334
22.800000 35.546322 0.821735
22.833333 35.546322 0.686916
22.866667 35.546322 0.554872
22.900000 35.546322 0.428178
22.933333 35.546322 0.313390
22.966667 35.546322 0.229161
23.000000 35.546322 0.215034
23.033333 35.546322 0.262642
23.066667 35.546322 0.360557
23.100000 35.546322 0.483318
23.133333 35.546322 0.616252
23.166667 35.546322 0.753997
23.200000 35.546322 0.894332
23.233333 35.546322 1.036207
23.266667 35.546322 1.130741
23.300000 35.546322 1.172192
23.333333 35.546322 1.208015
23.366667 35.546322 1.245419
23.400000 35.546322 1.284265
23.433333 35.546322 1.324427
23.466667 35.546322 1.365789
23.500000 35.546322 1.408245
22.000000 35.573444 3.943614
22.033333 35.573444 3.800480
22.066667 35.573444 3.660345
22.100000 35.573444 3.520327
22.133333 35.573444 3.380440
22.166667 35.573444 3.240702
22.200000 35.573444 3.101133
22.233333 35.573444 2.961755
22.266667 35.573444 2.825230
22.300000 35.573444 2.691578
22.333333 35.573444 2.558192
22.366667 35.573444 2.425097
22.400000 35.573444 2.292341
22.433333 35.573444 2.159988
22.466667 35.573444 2.028117
22.500000 35.573444 1.896828
22.533333 35.573444 1.775451
22.566667 35.573444 1.653216
22.600000 35.573444 1.531533
22.633333 35.573444 1.410542
22.666667 35.573444 1.290441
22.700000 35.573444 1.171502
22.733333 35.573444 1.054118
22.766667 35.573444 0.934468
22.800000 35.573444 0.805572
22.833333 35.573444 0.671207
22.866667 35.573444 0.538232
22.900000 35.573444 0.408008
22.933333 35.573444 0.284340
22.966667 35.573444 0.181189
23.000000 35.573444 0.149705
23.033333 35.573444 0.204310
23.066667 35.573444 0.313767
23.100000 35.573444 0.442505
23.133333 35.573444 0.577777
23.166667 35.573444 0.715888
23.200000 35.573444 0.855464
23.233333 35.573444 0.995890
23.266667 35.573444 1.090402
23.300000 35.573444 1.133576
23.333333 35.573444 1.171171
23.366667 35.573444 1.210334
23.400000 35.573444 1.250918
23.433333 35.573444 1.292788
23.466667 35.573444 1.335825
23.500000 35.573444 1.379918
22.000000 35.600556 3.895790
22.033333 35.600556 3.756229
22.066667 35.600556 3.619860
22.100000 35.600556 3.483573
22.133333 35.600556 3.347378
22.166667 35.600556 3.211287
22.200000 35.600556 3.075312
22.233333 35.600556 2.939471
22.266667 35.600556 2.804834
22.300000 35.600556 2.671314
22.333333 35.600556 2.537870
22.366667 35.600556 2.404626
22.400000 35.600556 2.271616
22.433333 35.600556 2.138885
22.466667 35.600556 2.006486
22.500000 35.600556 1.874492
22.533333 35.600556 1.754648
22.566667 35.600556 1.634585
22.600000 35.600556 1.514923
22.633333 35.600556 1.395765
22.666667 35.600556 1.277252
22.700000 35.600556 1.159582
22.733333 35.600556 1.043040
22.766667 35.600556 0.924130
22.800000 35.600556 0.796535
22.833333 35.600556 0.663557
22.866667 35.600556 0.531032
22.900000 35.600556 0.399409
22.933333 35.600556 0.270014
22.966667 35.600556 0.148775
23.000000 35.600556 0.084895
23.033333 35.600556 0.151659
23.066667 35.600556 0.274579
23.100000 35.600556 0.408126
23.133333 35.600556 0.544536
23.166667 35.600556 0.682094
23.200000 35.600556 0.820223
23.233333 35.600556 0.958675
23.266667 35.600556 1.052990
23.300000 35.600556 1.098004
23.333333 35.600556 1.137520
23.366667 35.600556 1.178572
23.400000 35.600556 1.221006
23.433333 35.600556 1.264683
23.466667 35.600556 1.309479
23.500000 35.600556 1.355282
22.000000 35.627659 3.851019
22.033333 35.627659 3.715172
22.066667 35.627659 3.582634
22.100000 35.627659 3.450150
22.133333 35.627659 3.317728
22.166667 35.627659 3.185372
22.200000 35.627659 3.053093
22.233333 35.627659 2.920902
22.266667 35.627659 2.788257
22.300000 35.627659 2.654979
22.333333 35.627659 2.521623
22.366667 35.627659 2.388391
22.400000 35.627659 2.255306
22.433333 35.627659 2.122396
22.466667 35.627659 1.989694
22.500000 35.627659 1.857247
22.533333 35.627659 1.739126
22.566667 35.627659 1.621312
22.600000 35.627659 1.503776
22.633333 35.627659 1.386588
22.666667 35.627659 1.269845
22.700000 35.627659 1.153681
22.733333 35.627659 1.038292
22.766667 35.627659 0.920532
22.800000 35.627659 0.794860
22.833333 35.627659 0.664236
22.866667 35.627659 0.533643
22.900000 35.627659 0.403110
22.933333 35.627659 0.272726
22.966667 35.627659 0.142896
23.000000 35.627659 0.024851
23.033333 35.627659 0.112895
23.066667 35.627659 0.246626
23.100000 35.627659 0.381910
23.133333 35.627659 0.517531
23.166667 35.627659 0.653279
23.200000 35.627659 0.789088
23.233333 35.627659 0.924931
23.266667 35.627659 1.018824
23.300000 35.627659 1.065776
23.333333 35.627659 1.107347
23.366667 35.627659 1.150403
23.400000 35.627659 1.194784
23.433333 35.627659 1.240348
23.466667 35.627659 1.286969
23.500000 35.627659 1.334536
22.000000 35.654753 3.809407
22.033333 35.654753 3.677410
22.066667 35.654753 3.548764
22.100000 35.654753 3.420152
22.133333 35.654753 3.291576
22.166667 35.654753 3.163041
22.200000 35.654753 3.034551
22.233333 35.654753 2.906113
22.266667 35.654753 2.775562
22.300000 35.654753 2.642642
22.333333 35.654753 2.509525
22.366667 35.654753 2.376475
22.400000 35.654753 2.243503
22.433333 35.654753 2.110625
22.466667 35.654753 1.977859
22.500000 35.654753 1.845229
22.533333 35.654753 1.729020
22.566667 35.654753 1.613524
22.600000 35.654753 1.498208
22.633333 35.654753 1.383118
22.666667 35.654753 1.268315
22.700000 35.654753 1.153886
22.733333 35.654753 1.039953
22.766667 35.654753 0.923745
22.800000 35.654753 0.800587
22.833333 35.654753 0.673211
22.866667 35.654753 0.545915
22.900000 35.654753 0.418773
22.933333 35.654753 0.291985
22.966667 35.654753 0.166362
23.000000 35.654753 0.051325
23.033333 35.654753 0.104729
23.066667 35.654753 0.233951
23.100000 35.654753 0.365606
23.133333 35.654753 0.497768
23.166667 35.654753 0.630117
23.200000 35.654753 0.762556
23.233333 35.654753 0.895046
23.266667 35.654753 0.988234
23.300000 35.654753 1.037197
23.333333 35.654753 1.080939
23.366667 35.654753 1.126092
23.400000 35.654753 1.172494
23.433333 35.654753 1.220003
23.466667 35.654753 1.268494
23.500000 35.654753 1.317860
22.000000 35.681838 3.771053
22.033333 35.681838 3.643042
22.066667 35.681838 3.518345
22.100000 35.681838 3.393665
22.133333 35.681838 3.269004
22.166667 35.681838 3.144365
22.200000 35.681838 3.019750
22.233333 35.681838 2.895161
22.266667 35.681838 2.766798
22.300000 35.681838 2.634355
22.333333 35.681838 2.501633
22.366667 35.681838 2.368937
22.400000 35.681838 2.236273
22.433333 35.681838 2.103646
22.466667 35.681838 1.971064
22.500000 35.681838 1.838536
22.533333 35.681838 1.724422
22.566667 35.681838 1.611294
22.600000 35.681838 1.498275
22.633333 35.681838 1.385391
22.666667 35.681838 1.272678
22.700000 35.681838 1.160186
22.733333 35.681838 1.047987
22.766667 35.681838 0.933694
22.800000 35.681838 0.813550
22.833333 35.681838 0.690149
22.866667 35.681838 0.567213
22.900000 35.681838 0.445126
22.933333 35.681838 0.324846
22.966667 35.681838 0.209513
23.000000 35.681838 0.115102
23.033333 35.681838 0.132895
23.066667 35.681838 0.238980
23.100000 35.681838 0.360549
23.133333 35.681838 0.486122
23.166667 35.681838 0.613243
23.200000 35.681838 0.741117
23.233333 35.681838 0.869411
23.266667 35.681838 0.961558
23.300000 35.681838 1.012574
23.333333 35.681838 1.058573
23.366667 35.681838 1.105889
23.400000 35.681838 1.154360
23.433333 35.681838 1.203848
23.466667 35.681838 1.254230
23.500000 35.681838 1.305405
22.000000 35.708914 3.736054
22.033333 35.708914 3.612162
22.066667 35.708914 3.491462
22.100000 35.708914 3.370768
22.133333 35.708914 3.250083
22.166667 35.708914 3.129407
22.200000 35.708914 3.008740
22.233333 35.708914 2.888085
22.266667 35.708914 2.761998
22.300000 35.708914 2.630152
22.333333 35.708914 2.497982
22.366667 35.708914 2.365817
22.400000 35.708914 2.233656
22.433333 35.708914 2.101503
22.466667 35.708914 1.969357
22.500000 35.708914 1.837220
22.533333 35.708914 1.725368
22.566667 35.708914 1.614641
22.600000 35.708914 1.503972
22.633333 35.708914 1.393374
22.666667 35.708914 1.282868
22.700000 35.708914 1.172478
22.733333 35.708914 1.062242
22.766667 35.708914 0.950159
22.800000 35.708914 0.833406
22.833333 35.708914 0.714478
22.866667 35.708914 0.596561
22.900000 35.708914 0.480401
22.933333 35.708914 0.367668
22.966667 35.708914 0.262809
23.000000 35.708914 0.180143
23.033333 35.708914 0.181149
23.066667 35.708914 0.260673
23.100000 35.708914 0.367192
23.133333 35.708914 0.483172
23.166667 35.708914 0.603178
23.200000 35.708914 0.725215
23.233333 35.708914 0.848408
23.266667 35.708914 0.939123
23.300000 35.708914 0.992194
23.333333 35.708914 1.040505
23.366667 35.708914 1.090017
23.400000 35.708914 1.140575
23.433333 35.708914 1.192046
23.466667 35.708914 1.244316
23.500000 35.708914 1.297288
22.000000 35.735980 3.704503
22.033333 35.735980 3.584856
22.066667 35.735980 3.468193
22.100000 35.735980 3.351532
22.133333 35.735980 3.234873
22.166667 35.735980 3.118215
22.200000 35.735980 3.001560
22.233333 35.735980 2.884908
22.266667 35.735980 2.761181
22.300000 35.735980 2.630048
22.333333 35.735980 2.498586
22.366667 35.735980 2.367125
22.400000 35.735980 2.235664
22.433333 35.735980 2.104204
22.466667 35.735980 1.972746
22.500000 35.735980 1.841288
22.533333 35.735980 1.731846
22.566667 35.735980 1.623523
22.600000 35.735980 1.515227
22.633333 35.735980 1.406964
22.666667 35.735980 1.298741
22.700000 35.735980 1.190570
22.733333 35.735980 1.082467
22.766667 35.735980 0.972803
22.800000 35.735980 0.859670
22.833333 35.735980 0.745465
22.866667 35.735980 0.632831
22.900000 35.735980 0.522787
22.933333 35.735980 0.417384
22.966667 35.735980 0.321225
23.000000 35.735980 0.245427
23.033333 35.735980 0.237532
23.066667 35.735980 0.295367
23.100000 35.735980 0.384919
23.133333 35.735980 0.489065
23.166667 35.735980 0.600257
23.200000 35.735980 0.715215
23.233333 35.735980 0.832381
23.266667 35.735980 0.921235
23.300000 35.735980 0.976320
23.333333 35.735980 1.026957
23.366667 35.735980 1.078664
23.400000 35.735980 1.131294
23.433333 35.735980 1.184724
23.466667 35.735980 1.238851
23.500000 35.735980 1.293587
22.000000 35.763037 3.675771
22.033333 35.763037 3.560092
22.066667 35.763037 3.447059
22.100000 35.763037 3.334026
22.133333 35.763037 3.220994
22.166667 35.763037 3.107962
22.200000 35.763037 2.994932
22.233333 35.763037 2.881902
22.266667 35.763037 2.761064
22.300000 35.763037 2.632205
22.333333 35.763037 2.503139
22.366667 35.763037 2.374087
22.400000 35.763037 2.245050
22.433333 35.763037 2.116032
22.466667 35.763037 1.987035
22.500000 35.763037 1.858065
22.533333 35.763037 1.750725
22.566667 35.763037 1.644188
22.600000 35.763037 1.537652
22.633333 35.763037 1.431120
22.666667 35.763037 1.324590
22.700000 35.763037 1.218064
22.733333 35.763037 1.111544
22.766667 35.763037 1.004193
22.800000 35.763037 0.895249
22.833333 35.763037 0.786552
22.866667 35.763037 0.679949
22.900000 35.763037 0.576601
22.933333 35.763037 0.478622
22.966667 35.763037 0.390078
23.000000 35.763037 0.318929
23.033333 35.763037 0.304559
23.066667 35.763037 0.343086
23.100000 35.763037 0.412784
23.133333 35.763037 0.500803
23.166667 35.763037 0.599122
23.200000 35.763037 0.703436
23.233333 35.763037 0.811435
23.266667 35.763037 0.896401
23.300000 35.763037 0.952683
23.333333 35.763037 1.005181
23.366667 35.763037 1.058572
23.400000 35.763037 1.112727
23.433333 35.763037 1.167540
23.466667 35.763037 1.222924
23.500000 35.763037 1.278802
22.000000 35.790085 3.647866
22.033333 35.790085 3.535739
22.066667 35.790085 3.425838
22.100000 35.790085 3.315950
22.133333 35.790085 3.206076
22.166667 35.790085 3.096218
22.200000 35.790085 2.986377
22.233333 35.790085 2.876556
22.266667 35.790085 2.759942
22.300000 35.790085 2.636479
22.333333 35.790085 2.512994
22.366667 35.790085 2.389546
22.400000 35.790085 2.266142
22.433333 35.790085 2.142791
22.466667 35.790085 2.019501
22.500000 35.790085 1.896285
22.533333 35.790085 1.790400
22.566667 35.790085 1.684901
22.600000 35.790085 1.579416
22.633333 35.790085 1.473946
22.666667 35.790085 1.368495
22.700000 35.790085 1.263067
22.733333 35.790085 1.157670
22.766667 35.790085 1.052721
22.800000 35.790085 0.948534
22.833333 35.790085 0.845804
22.866667 35.790085 0.745501
22.900000 35.790085 0.648754
22.933333 35.790085 0.557415
22.966667 35.790085 0.474620
23.000000 35.790085 0.405632
23.033333 35.790085 0.384820
23.066667 35.790085 0.405125
23.100000 35.790085 0.452572
23.133333 35.790085 0.519781
23.166667 35.790085 0.600148
23.200000 35.790085 0.689086
23.233333 35.790085 0.783681
23.266667 35.790085 0.862283
23.300000 35.790085 0.919071
23.333333 35.790085 0.973098
23.366667 35.790085 1.027766
23.400000 35.790085 1.082978
23.433333 35.790085 1.138655
23.466667 35.790085 1.194731
23.500000 35.790085 1.251154
22.000000 35.817124 3.621317
22.033333 35.817124 3.512763
22.066667 35.817124 3.405998
22.100000 35.817124 3.299273
22.133333 35.817124 3.192594
22.166667 35.817124 3.085964
22.200000 35.817124 2.979388
22.233333 35.817124 2.872873
22.266667 35.817124 2.761415
22.300000 35.817124 2.645035
22.333333 35.817124 2.528742
22.366667 35.817124 2.412520
22.400000 35.817124 2.296379
22.433333 35.817124 2.180333
22.466667 35.817124 2.064397
22.500000 35.817124 1.948592
22.533333 35.817124 1.843923
22.566667 35.817124 1.739387
22.600000 35.817124 1.634914
22.633333 35.817124 1.530519
22.666667 35.817124 1.426218
22.700000 35.817124 1.322034
22.733333 35.817124 1.217996
22.766667 35.817124 1.115691
22.800000 35.817124 1.016036
22.833333 35.817124 0.918515
22.866667 35.817124 0.823480
22.900000 35.817124 0.731900
22.933333 35.817124 0.645248
22.966667 35.817124 0.565791
23.000000 35.817124 0.496994
23.033333 35.817124 0.470688
23.066667 35.817124 0.476674
23.100000 35.817124 0.504624
23.133333 35.817124 0.551207
23.166667 35.817124 0.612183
23.200000 35.817124 0.683714
23.233333 35.817124 0.762835
23.266667 35.817124 0.833924
23.300000 35.817124 0.890997
23.333333 35.817124 0.946421
23.366667 35.817124 1.002221
23.400000 35.817124 1.058337
23.433333 35.817124 1.114721
23.466667 35.817124 1.171335
23.500000 35.817124 1.228146
22.000000 35.844154 3.597818
22.033333 35.844154 3.493062
22.066667 35.844154 3.389640
22.100000 35.844154 3.286300
22.133333 35.844154 3.183050
22.166667 35.844154 3.079899
22.200000 35.844154 2.976857
22.233333 35.844154 2.873936
22.266667 35.844154 2.767884
22.300000 35.844154 2.658708
22.333333 35.844154 2.549651
22.366667 35.844154 2.440697
22.400000 35.844154 2.331862
22.433333 35.844154 2.223162
22.466667 35.844154 2.114618
22.500000 35.844154 2.006257
22.533333 35.844154 1.902919
22.566667 35.844154 1.799601
22.600000 35.844154 1.696426
22.633333 35.844154 1.593421
22.666667 35.844154 1.490622
22.700000 35.844154 1.388074
22.733333 35.844154 1.285838
22.766667 35.844154 1.186354
22.800000 35.844154 1.090736
22.833333 35.844154 0.997473
22.866667 35.844154 0.906567
22.900000 35.844154 0.818802
22.933333 35.844154 0.735304
22.966667 35.844154 0.657699
23.000000 35.844154 0.588326
23.033333 35.844154 0.557740
23.066667 35.844154 0.553089
23.100000 35.844154 0.565543
23.133333 35.844154 0.594026
23.166667 35.844154 0.636391
23.200000 35.844154 0.690084
23.233333 35.844154 0.752686
23.266667 35.844154 0.815156
23.300000 35.844154 0.871722
23.333333 35.844154 0.927915
23.366667 35.844154 0.984275
23.400000 35.844154 1.040775
23.433333 35.844154 1.097393
23.466667 35.844154 1.154112
23.500000 35.844154 1.210918
22.000000 35.871174 3.577426
22.033333 35.871174 3.476690
22.066667 35.871174 3.376812
22.100000 35.871174 3.277069
22.133333 35.871174 3.177474
22.166667 35.871174 3.078043
22.200000 35.871174 2.978791
22.233333 35.871174 2.879736
22.266667 35.871174 2.779310
22.300000 35.871174 2.677415
22.333333 35.871174 2.575589
22.366667 35.871174 2.473895
22.400000 35.871174 2.372350
22.433333 35.871174 2.270973
22.466667 35.871174 2.169789
22.500000 35.871174 2.068825
22.533333 35.871174 1.966887
22.566667 35.871174 1.864983
22.600000 35.871174 1.763314
22.633333 35.871174 1.661925
22.666667 35.871174 1.560870
22.700000 35.871174 1.460219
22.733333 35.871174 1.360061
22.766667 35.871174 1.263409
22.800000 35.871174 1.171247
22.833333 35.871174 1.081300
22.866667 35.871174 0.993470
22.900000 35.871174 0.908370
22.933333 35.871174 0.826845
22.966667 35.871174 0.750061
23.000000 35.871174 0.679627
23.033333 35.871174 0.645484
23.066667 35.871174 0.632597
23.100000 35.871174 0.632761
23.133333 35.871174 0.645966
23.166667 35.871174 0.671443
23.200000 35.871174 0.707869
23.233333 35.871174 0.753657
23.266667 35.871174 0.806636
23.300000 35.871174 0.861828
23.333333 35.871174 0.918064
23.366667 35.871174 0.974338
23.400000 35.871174 1.030645
23.433333 35.871174 1.086979
23.466667 35.871174 1.143336
23.500000 35.871174 1.199713
22.000000 35.898185 3.560191
22.033333 35.898185 3.463690
22.066667 35.898185 3.367549
22.100000 35.898185 3.271608
22.133333 35.898185 3.175885
22.166667 35.898185 3.080400
22.200000 35.898185 2.985177
22.233333 35.898185 2.890240
22.266667 35.898185 2.795627
22.300000 35.898185 2.701046
22.333333 35.898185 2.606401
22.366667 35.898185 2.511908
22.400000 35.898185 2.417585
22.433333 35.898185 2.323453
22.466667 35.898185 2.229535
22.500000 35.898185 2.135860
22.533333 35.898185 2.035353
22.566667 35.898185 1.935000
22.600000 35.898185 1.834983
22.633333 35.898185 1.735360
22.666667 35.898185 1.636202
22.700000 35.898185 1.537600
22.733333 35.898185 1.439668
22.766667 35.898185 1.345749
22.800000 35.898185 1.256442
22.833333 35.898185 1.168938
22.866667 35.898185 1.083261
22.900000 35.898185 0.999879
22.933333 35.898185 0.919419
22.966667 35.898185 0.842717
23.000000 35.898185 0.770896
23.033333 35.898185 0.733661
23.066667 35.898185 0.714154
23.100000 35.898185 0.704466
23.133333 35.898185 0.705002
23.166667 35.898185 0.715738
23.200000 35.898185 0.736230
23.233333 35.898185 0.765693
23.266667 35.898185 0.808678
23.300000 35.898185 0.861627
23.333333 35.898185 0.917138
23.366667 35.898185 0.972648
23.400000 35.898185 1.028159
23.433333 35.898185 1.083671
23.466667 35.898185 1.139182
23.500000 35.898185 1.194694
22.000000 35.925187 3.546157
22.033333 35.925187 3.454096
22.066667 35.925187 3.361878
22.100000 35.925187 3.269933
22.133333 35.925187 3.178283
22.166667 35.925187 3.086957
22.200000 35.925187 2.995982
22.233333 35.925187 2.905392
22.266667 35.925187 2.816744
22.300000 35.925187 2.729467
22.333333 35.925187 2.641911
22.366667 35.925187 2.554517
22.400000 35.925187 2.467302
22.433333 35.925187 2.380287
22.466667 35.925187 2.293494
22.500000 35.925187 2.206949
22.533333 35.925187 2.107872
22.566667 35.925187 2.009163
22.600000 35.925187 1.910889
22.633333 35.925187 1.813119
22.666667 35.925187 1.715940
22.700000 35.925187 1.619459
22.733333 35.925187 1.523808
22.766667 35.925187 1.432454
22.800000 35.925187 1.345423
22.833333 35.925187 1.259583
22.866667 35.925187 1.175268
22.900000 35.925187 1.092832
22.933333 35.925187 1.012732
22.966667 35.925187 0.935570
23.000000 35.925187 0.862135
23.033333 35.925187 0.822122
23.066667 35.925187 0.797122
23.100000 35.925187 0.779410
23.133333 35.925187 0.769491
23.166667 35.925187 0.767667
23.200000 35.925187 0.773994
23.233333 35.925187 0.788277
23.266667 35.925187 0.821193
23.300000 35.925187 0.871117
23.333333 35.925187 0.925155
23.366667 35.925187 0.979240
23.400000 35.925187 1.033366
23.433333 35.925187 1.087526
23.466667 35.925187 1.141716
23.500000 35.925187 1.195931
22.000000 35.952180 3.535357
22.033333 35.952180 3.447934
22.066667 35.952180 3.359813
22.100000 35.952180 3.272045
22.133333 35.952180 3.184656
22.166667 35.952180 3.097681
22.200000 35.952180 3.011153
22.233333 35.952180 2.925115
22.266667 35.952180 2.842550
22.300000 35.952180 2.762528
22.333333 35.952180 2.681928
22.366667 35.952180 2.601490
22.400000 35.952180 2.521230
22.433333 35.952180 2.441166
22.466667 35.952180 2.361317
22.500000 35.952180 2.281706
22.533333 35.952180 2.184032
22.566667 35.952180 2.087022
22.600000 35.952180 1.990539
22.633333 35.952180 1.894663
22.666667 35.952180 1.799492
22.700000 35.952180 1.705143
22.733333 35.952180 1.611762
22.766667 35.952180 1.522769
22.800000 35.952180 1.437479
22.833333 35.952180 1.352622
22.866667 35.952180 1.269002
22.900000 35.952180 1.186880
22.933333 35.952180 1.106589
22.966667 35.952180 1.028558
23.000000 35.952180 0.953342
23.033333 35.952180 0.910774
23.066667 35.952180 0.881092
23.100000 35.952180 0.856735
23.133333 35.952180 0.838168
23.166667 35.952180 0.825781
23.200000 35.952180 0.819854
23.233333 35.952180 0.820528
23.266667 35.952180 0.843704
23.300000 35.952180 0.889977
23.333333 35.952180 0.941877
23.366667 35.952180 0.993940
23.400000 35.952180 1.046142
23.433333 35.952180 1.098463
23.466667 35.952180 1.150887
23.500000 35.952180 1.203400
22.000000 35.979164 3.527817
22.033333 35.979164 3.445218
22.066667 35.979164 3.361358
22.100000 35.979164 3.277932
22.133333 35.979164 3.194976
22.166667 35.979164 3.112525
22.200000 35.979164 3.030622
22.233333 35.979164 2.949312
22.266667 35.979164 2.872913
22.300000 35.979164 2.800057
22.333333 35.979164 2.726247
22.366667 35.979164 2.652591
22.400000 35.979164 2.579100
22.433333 35.979164 2.505790
22.466667 35.979164 2.432676
22.500000 35.979164 2.359777
22.533333 35.979164 2.263463
22.566667 35.979164 2.168174
22.600000 35.979164 2.073496
22.633333 35.979164 1.979517
22.666667 35.979164 1.886343
22.700000 35.979164 1.794097
22.733333 35.979164 1.702931
22.766667 35.979164 1.616081
22.800000 35.979164 1.532045
22.833333 35.979164 1.447585
22.866667 35.979164 1.364099
22.900000 35.979164 1.281775
22.933333 35.979164 1.200854
22.966667 35.979164 1.121639
23.000000 35.979164 1.044518
23.033333 35.979164 0.999560
23.066667 35.979164 0.965796
23.100000 35.979164 0.935843
23.133333 35.979164 0.910076
23.166667 35.979164 0.888859
23.200000 35.979164 0.872524
23.233333 35.979164 0.861350
23.266667 35.979164 0.875430
23.300000 35.979164 0.917621
23.333333 35.979164 0.966845
23.366667 35.979164 1.016389
23.400000 35.979164 1.066208
23.433333 35.979164 1.116266
23.466667 35.979164 1.166532
23.500000 35.979164 1.216980
