Layer	Latitude	Transport(m^3/s)
50	37.0000	1.419390e+03
50	37.0269	1.348214e+03
50	37.0538	1.272896e+03
50	37.0808	1.193733e+03
50	37.1077	1.110823e+03
50	37.1346	1.026774e+03
50	37.1615	9.442749e+02
50	37.1885	8.670505e+02
50	37.2154	7.989984e+02
50	37.2423	7.447653e+02
50	37.2692	7.115803e+02
50	37.2962	7.013193e+02
50	37.3231	7.087969e+02
50	37.3500	7.291796e+02
50	37.3769	7.606708e+02
50	37.4038	8.028571e+02
50	37.4308	8.556373e+02
50	37.4577	9.155613e+02
50	37.4846	9.766782e+02
50	37.5115	1.038913e+03
50	37.5385	1.092413e+03
50	37.5654	1.129935e+03
50	37.5923	1.156881e+03
50	37.6192	1.176052e+03
50	37.6462	1.183587e+03
50	37.6731	1.169783e+03
50	37.7000	1.128817e+03
50	37.7269	1.061230e+03
50	37.7538	9.811805e+02
50	37.7808	8.966710e+02
50	37.8077	8.054052e+02
50	37.8346	7.064781e+02
50	37.8615	5.986104e+02
50	37.8885	4.789159e+02
50	37.9154	3.451628e+02
50	37.9423	1.972000e+02
50	37.9692	4.215628e+01
50	37.9962	-1.115817e+02
50	38.0231	-2.281708e+02
50	38.0500	-2.979103e+02
50	38.0769	-3.230226e+02
50	38.1038	-3.129709e+02
50	38.1308	-2.729194e+02
50	38.1577	-2.046247e+02
50	38.1846	-1.136664e+02
50	38.2115	-6.940008e+00
50	38.2385	1.044868e+02
50	38.2654	2.215913e+02
50	38.2923	3.327462e+02
50	38.3192	4.142328e+02
50	38.3462	4.621619e+02
50	38.3731	4.564183e+02
50	38.4000	4.001270e+02
49	37.0000	2.363670e+03
49	37.0269	2.244136e+03
49	37.0538	2.116744e+03
49	37.0808	1.982993e+03
49	37.1077	1.843665e+03
49	37.1346	1.703333e+03
49	37.1615	1.566240e+03
49	37.1885	1.438238e+03
49	37.2154	1.325676e+03
49	37.2423	1.236715e+03
49	37.2692	1.183606e+03
49	37.2962	1.169160e+03
49	37.3231	1.184453e+03
49	37.3500	1.221174e+03
49	37.3769	1.276208e+03
49	37.4038	1.348805e+03
49	37.4308	1.438923e+03
49	37.4577	1.540956e+03
49	37.4846	1.644923e+03
49	37.5115	1.750824e+03
49	37.5385	1.841870e+03
49	37.5654	1.906266e+03
49	37.5923	1.953087e+03
49	37.6192	1.986958e+03
49	37.6462	2.001791e+03
49	37.6731	1.981926e+03
49	37.7000	1.917461e+03
49	37.7269	1.808492e+03
49	37.7538	1.678082e+03
49	37.7808	1.539767e+03
49	37.8077	1.390006e+03
49	37.8346	1.227301e+03
49	37.8615	1.049439e+03
49	37.8885	8.516561e+02
49	37.9154	6.302936e+02
49	37.9423	3.850636e+02
49	37.9692	1.277864e+02
49	37.9962	-1.276991e+02
49	38.0231	-3.219151e+02
49	38.0500	-4.377477e+02
49	38.0769	-4.786922e+02
49	38.1038	-4.603010e+02
49	38.1308	-3.906241e+02
49	38.1577	-2.719631e+02
49	38.1846	-1.135753e+02
49	38.2115	7.279013e+01
49	38.2385	2.684087e+02
49	38.2654	4.735135e+02
49	38.2923	6.649280e+02
49	38.3192	7.967575e+02
49	38.3462	8.606719e+02
49	38.3731	8.308643e+02
49	38.4000	7.269041e+02
48	37.0000	3.178108e+03
48	37.0269	3.009550e+03
48	37.0538	2.830221e+03
48	37.0808	2.642576e+03
48	37.1077	2.448145e+03
48	37.1346	2.253553e+03
48	37.1615	2.064824e+03
48	37.1885	1.889930e+03
48	37.2154	1.737411e+03
48	37.2423	1.619066e+03
48	37.2692	1.552371e+03
48	37.2962	1.541425e+03
48	37.3231	1.574142e+03
48	37.3500	1.638694e+03
48	37.3769	1.729423e+03
48	37.4038	1.842516e+03
48	37.4308	1.976111e+03
48	37.4577	2.122451e+03
48	37.4846	2.267596e+03
48	37.5115	2.412277e+03
48	37.5385	2.535074e+03
48	37.5654	2.621739e+03
48	37.5923	2.683021e+03
48	37.6192	2.722718e+03
48	37.6462	2.735177e+03
48	37.6731	2.705119e+03
48	37.7000	2.622185e+03
48	37.7269	2.484315e+03
48	37.7538	2.318700e+03
48	37.7808	2.141946e+03
48	37.8077	1.948391e+03
48	37.8346	1.734360e+03
48	37.8615	1.495036e+03
48	37.8885	1.225630e+03
48	37.9154	9.262043e+02
48	37.9423	6.017086e+02
48	37.9692	2.692302e+02
48	37.9962	-5.544707e+01
48	38.0231	-2.985717e+02
48	38.0500	-4.401398e+02
48	38.0769	-4.838885e+02
48	38.1038	-4.470221e+02
48	38.1308	-3.369458e+02
48	38.1577	-1.572688e+02
48	38.1846	7.698653e+01
48	38.2115	3.489975e+02
48	38.2385	6.336075e+02
48	38.2654	9.264254e+02
48	38.2923	1.184891e+03
48	38.3192	1.344830e+03
48	38.3462	1.408008e+03
48	38.3731	1.338008e+03
48	38.4000	1.177834e+03
47	37.0000	3.318973e+03
47	37.0269	3.069150e+03
47	37.0538	2.817833e+03
47	37.0808	2.563444e+03
47	37.1077	2.307404e+03
47	37.1346	2.057577e+03
47	37.1615	1.822854e+03
47	37.1885	1.613690e+03
47	37.2154	1.439750e+03
47	37.2423	1.314138e+03
47	37.2692	1.258181e+03
47	37.2962	1.279196e+03
47	37.3231	1.365866e+03
47	37.3500	1.504232e+03
47	37.3769	1.683339e+03
47	37.4038	1.883948e+03
47	37.4308	2.090156e+03
47	37.4577	2.290772e+03
47	37.4846	2.470346e+03
47	37.5115	2.625242e+03
47	37.5385	2.732583e+03
47	37.5654	2.783889e+03
47	37.5923	2.783182e+03
47	37.6192	2.731304e+03
47	37.6462	2.643494e+03
47	37.6731	2.542196e+03
47	37.7000	2.442229e+03
47	37.7269	2.332779e+03
47	37.7538	2.208251e+03
47	37.7808	2.061122e+03
47	37.8077	1.876818e+03
47	37.8346	1.647044e+03
47	37.8615	1.362749e+03
47	37.8885	1.026593e+03
47	37.9154	6.599394e+02
47	37.9423	2.935595e+02
47	37.9692	-4.487538e+01
47	37.9962	-3.384040e+02
47	38.0231	-5.254849e+02
47	38.0500	-5.931862e+02
47	38.0769	-5.404086e+02
47	38.1038	-3.793239e+02
47	38.1308	-1.220108e+02
47	38.1577	2.122488e+02
47	38.1846	5.923624e+02
47	38.2115	9.961188e+02
47	38.2385	1.400773e+03
47	38.2654	1.790205e+03
47	38.2923	2.092300e+03
47	38.3192	2.234484e+03
47	38.3462	2.250162e+03
47	38.3731	2.104557e+03
47	38.4000	1.882806e+03
46	37.0000	1.476330e+03
46	37.0269	1.120986e+03
46	37.0538	8.005453e+02
46	37.0808	4.980865e+02
46	37.1077	2.088853e+02
46	37.1346	-6.445782e+01
46	37.1615	-3.105196e+02
46	37.1885	-5.129215e+02
46	37.2154	-6.580538e+02
46	37.2423	-7.361756e+02
46	37.2692	-7.343349e+02
46	37.2962	-6.464778e+02
46	37.3231	-4.753859e+02
46	37.3500	-2.301173e+02
46	37.3769	8.537114e+01
46	37.4038	4.457267e+02
46	37.4308	8.141569e+02
46	37.4577	1.164972e+03
46	37.4846	1.474170e+03
46	37.5115	1.686664e+03
46	37.5385	1.745835e+03
46	37.5654	1.655207e+03
46	37.5923	1.426888e+03
46	37.6192	1.108660e+03
46	37.6462	7.686385e+02
46	37.6731	4.891903e+02
46	37.7000	3.105611e+02
46	37.7269	2.136151e+02
46	37.7538	1.479577e+02
46	37.7808	6.753159e+01
46	37.8077	-5.090950e+01
46	37.8346	-2.154592e+02
46	37.8615	-4.344796e+02
46	37.8885	-7.149374e+02
46	37.9154	-1.053889e+03
46	37.9423	-1.422605e+03
46	37.9692	-1.776210e+03
46	37.9962	-2.048667e+03
46	38.0231	-2.182675e+03
46	38.0500	-2.137469e+03
46	38.0769	-1.889032e+03
46	38.1038	-1.478037e+03
46	38.1308	-9.727533e+02
46	38.1577	-4.078318e+02
46	38.1846	1.957449e+02
46	38.2115	8.198307e+02
46	38.2385	1.447124e+03
46	38.2654	2.066653e+03
46	38.2923	2.669382e+03
46	38.3192	3.076898e+03
46	38.3462	3.119163e+03
46	38.3731	2.948847e+03
46	38.4000	2.708548e+03
45	37.0000	3.089894e+02
45	37.0269	2.764640e+01
45	37.0538	-2.598768e+02
45	37.0808	-5.402190e+02
45	37.1077	-8.142268e+02
45	37.1346	-1.085899e+03
45	37.1615	-1.355248e+03
45	37.1885	-1.615385e+03
45	37.2154	-1.856512e+03
45	37.2423	-2.066209e+03
45	37.2692	-2.230628e+03
45	37.2962	-2.332709e+03
45	37.3231	-2.352915e+03
45	37.3500	-2.271741e+03
45	37.3769	-2.082236e+03
45	37.4038	-1.790987e+03
45	37.4308	-1.428825e+03
45	37.4577	-1.044205e+03
45	37.4846	-6.798663e+02
45	37.5115	-3.725803e+02
45	37.5385	-1.498408e+02
45	37.5654	-2.476628e+01
45	37.5923	1.722569e+01
45	37.6192	8.301052e+00
45	37.6462	-1.237991e+01
45	37.6731	-1.410042e+01
45	37.7000	5.337318e+00
45	37.7269	2.385300e+01
45	37.7538	1.258107e-01
45	37.7808	-9.553873e+01
45	37.8077	-2.684807e+02
45	37.8346	-5.042925e+02
45	37.8615	-7.881381e+02
45	37.8885	-1.118267e+03
45	37.9154	-1.494212e+03
45	37.9423	-1.889421e+03
45	37.9692	-2.249097e+03
45	37.9962	-2.512416e+03
45	38.0231	-2.626816e+03
45	38.0500	-2.574979e+03
45	38.0769	-2.388902e+03
45	38.1038	-2.111703e+03
45	38.1308	-1.751174e+03
45	38.1577	-1.302370e+03
45	38.1846	-7.785271e+02
45	38.2115	-1.915994e+02
45	38.2385	4.503138e+02
45	38.2654	1.132088e+03
45	38.2923	1.732719e+03
45	38.3192	2.036602e+03
45	38.3462	2.033649e+03
45	38.3731	1.901310e+03
45	38.4000	1.716423e+03
