Layer	Latitude	Transport(m^3/s)
50	37.0000	-1.314344e+02
50	37.0269	-1.342515e+02
50	37.0538	-1.380669e+02
50	37.0808	-1.416034e+02
50	37.1077	-1.443399e+02
50	37.1346	-1.439143e+02
50	37.1615	-1.403397e+02
50	37.1885	-1.340547e+02
50	37.2154	-1.265699e+02
50	37.2423	-1.194640e+02
50	37.2692	-1.138677e+02
50	37.2962	-1.075386e+02
50	37.3231	-1.063707e+02
50	37.3500	-1.152240e+02
50	37.3769	-1.449911e+02
50	37.4038	-1.977476e+02
50	37.4308	-2.705341e+02
50	37.4577	-3.607134e+02
50	37.4846	-4.645723e+02
50	37.5115	-5.699504e+02
50	37.5385	-6.681111e+02
50	37.5654	-7.560415e+02
50	37.5923	-8.320804e+02
50	37.6192	-8.941881e+02
50	37.6462	-9.438282e+02
50	37.6731	-9.836993e+02
50	37.7000	-1.013772e+03
50	37.7269	-1.034934e+03
50	37.7538	-1.045805e+03
50	37.7808	-1.049353e+03
50	37.8077	-1.050329e+03
50	37.8346	-1.052255e+03
50	37.8615	-1.054556e+03
50	37.8885	-1.051184e+03
50	37.9154	-1.039416e+03
50	37.9423	-1.023725e+03
50	37.9692	-1.005044e+03
50	37.9962	-9.814476e+02
50	38.0231	-9.439816e+02
50	38.0500	-9.066135e+02
50	38.0769	-8.692434e+02
50	38.1038	-8.362790e+02
50	38.1308	-8.116556e+02
50	38.1577	-7.975855e+02
50	38.1846	-7.921486e+02
50	38.2115	-7.897484e+02
50	38.2385	-7.843905e+02
50	38.2654	-7.609823e+02
50	38.2923	-7.219382e+02
50	38.3192	-6.769332e+02
50	38.3462	-6.337159e+02
50	38.3731	-5.992543e+02
50	38.4000	-5.775445e+02
49	37.0000	-2.897462e+02
49	37.0269	-2.900580e+02
49	37.0538	-2.921495e+02
49	37.0808	-2.939712e+02
49	37.1077	-2.946099e+02
49	37.1346	-2.898484e+02
49	37.1615	-2.795896e+02
49	37.1885	-2.647325e+02
49	37.2154	-2.476396e+02
49	37.2423	-2.307722e+02
49	37.2692	-2.160099e+02
49	37.2962	-2.001651e+02
49	37.3231	-1.934738e+02
49	37.3500	-2.039437e+02
49	37.3769	-2.494557e+02
49	37.4038	-3.327166e+02
49	37.4308	-4.481165e+02
49	37.4577	-5.907960e+02
49	37.4846	-7.542109e+02
49	37.5115	-9.187650e+02
49	37.5385	-1.070804e+03
49	37.5654	-1.206634e+03
49	37.5923	-1.324407e+03
49	37.6192	-1.420761e+03
49	37.6462	-1.497470e+03
49	37.6731	-1.558604e+03
49	37.7000	-1.604255e+03
49	37.7269	-1.635575e+03
49	37.7538	-1.649758e+03
49	37.7808	-1.650857e+03
49	37.8077	-1.647140e+03
49	37.8346	-1.645919e+03
49	37.8615	-1.647102e+03
49	37.8885	-1.640135e+03
49	37.9154	-1.618884e+03
49	37.9423	-1.589792e+03
49	37.9692	-1.555418e+03
49	37.9962	-1.514226e+03
49	38.0231	-1.452905e+03
49	38.0500	-1.391482e+03
49	38.0769	-1.328880e+03
49	38.1038	-1.272168e+03
49	38.1308	-1.228444e+03
49	38.1577	-1.202587e+03
49	38.1846	-1.192994e+03
49	38.2115	-1.191314e+03
49	38.2385	-1.186735e+03
49	38.2654	-1.153301e+03
49	38.2923	-1.092525e+03
49	38.3192	-1.018898e+03
49	38.3462	-9.459090e+02
49	38.3731	-8.861155e+02
49	38.4000	-8.470793e+02
48	37.0000	-6.626735e+02
48	37.0269	-6.465325e+02
48	37.0538	-6.337753e+02
48	37.0808	-6.231874e+02
48	37.1077	-6.138521e+02
48	37.1346	-5.978578e+02
48	37.1615	-5.723100e+02
48	37.1885	-5.375125e+02
48	37.2154	-4.977542e+02
48	37.2423	-4.558359e+02
48	37.2692	-4.116578e+02
48	37.2962	-3.638441e+02
48	37.3231	-3.309008e+02
48	37.3500	-3.243123e+02
48	37.3769	-3.698123e+02
48	37.4038	-4.714688e+02
48	37.4308	-6.201534e+02
48	37.4577	-8.076047e+02
48	37.4846	-1.024596e+03
48	37.5115	-1.244175e+03
48	37.5385	-1.446651e+03
48	37.5654	-1.627208e+03
48	37.5923	-1.783665e+03
48	37.6192	-1.911475e+03
48	37.6462	-2.012962e+03
48	37.6731	-2.093611e+03
48	37.7000	-2.153420e+03
48	37.7269	-2.193432e+03
48	37.7538	-2.209531e+03
48	37.7808	-2.206474e+03
48	37.8077	-2.195894e+03
48	37.8346	-2.188819e+03
48	37.8615	-2.185826e+03
48	37.8885	-2.172254e+03
48	37.9154	-2.138848e+03
48	37.9423	-2.093933e+03
48	37.9692	-2.041183e+03
48	37.9962	-1.979441e+03
48	38.0231	-1.892472e+03
48	38.0500	-1.805399e+03
48	38.0769	-1.716361e+03
48	38.1038	-1.635071e+03
48	38.1308	-1.571507e+03
48	38.1577	-1.532812e+03
48	38.1846	-1.517300e+03
48	38.2115	-1.513821e+03
48	38.2385	-1.506965e+03
48	38.2654	-1.461102e+03
48	38.2923	-1.377402e+03
48	38.3192	-1.275027e+03
48	38.3462	-1.173849e+03
48	38.3731	-1.091325e+03
48	38.4000	-1.037679e+03
47	37.0000	-1.341794e+03
47	37.0269	-1.310977e+03
47	37.0538	-1.280265e+03
47	37.0808	-1.261816e+03
47	37.1077	-1.263917e+03
47	37.1346	-1.274371e+03
47	37.1615	-1.273621e+03
47	37.1885	-1.240290e+03
47	37.2154	-1.173795e+03
47	37.2423	-1.086278e+03
47	37.2692	-9.706981e+02
47	37.2962	-8.273975e+02
47	37.3231	-6.939247e+02
47	37.3500	-6.018193e+02
47	37.3769	-5.842087e+02
47	37.4038	-6.533586e+02
47	37.4308	-7.984175e+02
47	37.4577	-1.003010e+03
47	37.4846	-1.252105e+03
47	37.5115	-1.511599e+03
47	37.5385	-1.751706e+03
47	37.5654	-1.964315e+03
47	37.5923	-2.146001e+03
47	37.6192	-2.290499e+03
47	37.6462	-2.400380e+03
47	37.6731	-2.483764e+03
47	37.7000	-2.544470e+03
47	37.7269	-2.586425e+03
47	37.7538	-2.605396e+03
47	37.7808	-2.605144e+03
47	37.8077	-2.594834e+03
47	37.8346	-2.584860e+03
47	37.8615	-2.578151e+03
47	37.8885	-2.561274e+03
47	37.9154	-2.525153e+03
47	37.9423	-2.476689e+03
47	37.9692	-2.414697e+03
47	37.9962	-2.336717e+03
47	38.0231	-2.226932e+03
47	38.0500	-2.117700e+03
47	38.0769	-2.006593e+03
47	38.1038	-1.905581e+03
47	38.1308	-1.826865e+03
47	38.1577	-1.777764e+03
47	38.1846	-1.755627e+03
47	38.2115	-1.748545e+03
47	38.2385	-1.739053e+03
47	38.2654	-1.682605e+03
47	38.2923	-1.579279e+03
47	38.3192	-1.452136e+03
47	38.3462	-1.328734e+03
47	38.3731	-1.230118e+03
47	38.4000	-1.167740e+03
46	37.0000	-4.524447e+02
46	37.0269	-6.092416e+02
46	37.0538	-7.391692e+02
46	37.0808	-8.699435e+02
46	37.1077	-1.027045e+03
46	37.1346	-1.212198e+03
46	37.1615	-1.398607e+03
46	37.1885	-1.528499e+03
46	37.2154	-1.545586e+03
46	37.2423	-1.475043e+03
46	37.2692	-1.343571e+03
46	37.2962	-1.145065e+03
46	37.3231	-9.062964e+02
46	37.3500	-7.262601e+02
46	37.3769	-6.661122e+02
46	37.4038	-7.249388e+02
46	37.4308	-8.800237e+02
46	37.4577	-1.117227e+03
46	37.4846	-1.406625e+03
46	37.5115	-1.709407e+03
46	37.5385	-1.985888e+03
46	37.5654	-2.225162e+03
46	37.5923	-2.424621e+03
46	37.6192	-2.569539e+03
46	37.6462	-2.647906e+03
46	37.6731	-2.665834e+03
46	37.7000	-2.643929e+03
46	37.7269	-2.602265e+03
46	37.7538	-2.555266e+03
46	37.7808	-2.515694e+03
46	37.8077	-2.470529e+03
46	37.8346	-2.415342e+03
46	37.8615	-2.369525e+03
46	37.8885	-2.330510e+03
46	37.9154	-2.297443e+03
46	37.9423	-2.268587e+03
46	37.9692	-2.220437e+03
46	37.9962	-2.139913e+03
46	38.0231	-2.015070e+03
46	38.0500	-1.894740e+03
46	38.0769	-1.784700e+03
46	38.1038	-1.698808e+03
46	38.1308	-1.644464e+03
46	38.1577	-1.616349e+03
46	38.1846	-1.596414e+03
46	38.2115	-1.576083e+03
46	38.2385	-1.553624e+03
46	38.2654	-1.487729e+03
46	38.2923	-1.377731e+03
46	38.3192	-1.254330e+03
46	38.3462	-1.148288e+03
46	38.3731	-1.080133e+03
46	38.4000	-1.052060e+03
45	37.0000	2.232100e+02
45	37.0269	1.166590e+01
45	37.0538	-1.720489e+02
45	37.0808	-2.845901e+02
45	37.1077	-3.273757e+02
45	37.1346	-3.168271e+02
45	37.1615	-2.698199e+02
45	37.1885	-2.275211e+02
45	37.2154	-1.835971e+02
45	37.2423	-8.133784e+01
45	37.2692	3.357516e+01
45	37.2962	1.713589e+02
45	37.3231	3.798423e+02
45	37.3500	6.150876e+02
45	37.3769	7.058956e+02
45	37.4038	6.159927e+02
45	37.4308	3.753313e+02
45	37.4577	1.156594e+01
45	37.4846	-4.517906e+02
45	37.5115	-9.344288e+02
45	37.5385	-1.370005e+03
45	37.5654	-1.755428e+03
45	37.5923	-2.104057e+03
45	37.6192	-2.408545e+03
45	37.6462	-2.640702e+03
45	37.6731	-2.785817e+03
45	37.7000	-2.841583e+03
45	37.7269	-2.799923e+03
45	37.7538	-2.681129e+03
45	37.7808	-2.514683e+03
45	37.8077	-2.301964e+03
45	37.8346	-2.042410e+03
45	37.8615	-1.798989e+03
45	37.8885	-1.592684e+03
45	37.9154	-1.420903e+03
45	37.9423	-1.266739e+03
45	37.9692	-1.102613e+03
45	37.9962	-9.120907e+02
45	38.0231	-6.980491e+02
45	38.0500	-5.173700e+02
45	38.0769	-3.914032e+02
45	38.1038	-3.311965e+02
45	38.1308	-3.253422e+02
45	38.1577	-3.513249e+02
45	38.1846	-3.478164e+02
45	38.2115	-2.975703e+02
45	38.2385	-2.296875e+02
45	38.2654	-1.426614e+02
45	38.2923	-4.314826e+01
45	38.3192	2.192323e+01
45	38.3462	4.550984e+01
45	38.3731	5.440331e+00
45	38.4000	-7.920837e+01
